turn_num,p1_poke0_fusion_id,p1_poke0_type1,p1_poke0_type2,p1_poke0_type3,p1_poke0_type4,p1_poke0_hp,p1_poke0_attack,p1_poke0_special-attack,p1_poke0_defense,p1_poke0_special-defense,p1_poke0_speed,p1_poke0_move1,p1_poke0_move2,p1_poke0_move3,p1_poke0_move4,p1_poke0_ability,p1_poke0_hpPercent,p1_poke0_item,p1_poke0_status,p1_poke1_fusion_id,p1_poke1_type1,p1_poke1_type2,p1_poke1_type3,p1_poke1_type4,p1_poke1_hp,p1_poke1_attack,p1_poke1_special-attack,p1_poke1_defense,p1_poke1_special-defense,p1_poke1_speed,p1_poke1_move1,p1_poke1_move2,p1_poke1_move3,p1_poke1_move4,p1_poke1_ability,p1_poke1_hpPercent,p1_poke1_item,p1_poke1_status,p1_poke2_fusion_id,p1_poke2_type1,p1_poke2_type2,p1_poke2_type3,p1_poke2_type4,p1_poke2_hp,p1_poke2_attack,p1_poke2_special-attack,p1_poke2_defense,p1_poke2_special-defense,p1_poke2_speed,p1_poke2_move1,p1_poke2_move2,p1_poke2_move3,p1_poke2_move4,p1_poke2_ability,p1_poke2_hpPercent,p1_poke2_item,p1_poke2_status,p1_poke3_fusion_id,p1_poke3_type1,p1_poke3_type2,p1_poke3_type3,p1_poke3_type4,p1_poke3_hp,p1_poke3_attack,p1_poke3_special-attack,p1_poke3_defense,p1_poke3_special-defense,p1_poke3_speed,p1_poke3_move1,p1_poke3_move2,p1_poke3_move3,p1_poke3_move4,p1_poke3_ability,p1_poke3_hpPercent,p1_poke3_item,p1_poke3_status,p1_poke4_fusion_id,p1_poke4_type1,p1_poke4_type2,p1_poke4_type3,p1_poke4_type4,p1_poke4_hp,p1_poke4_attack,p1_poke4_special-attack,p1_poke4_defense,p1_poke4_special-defense,p1_poke4_speed,p1_poke4_move1,p1_poke4_move2,p1_poke4_move3,p1_poke4_move4,p1_poke4_ability,p1_poke4_hpPercent,p1_poke4_item,p1_poke4_status,p1_poke5_fusion_id,p1_poke5_type1,p1_poke5_type2,p1_poke5_type3,p1_poke5_type4,p1_poke5_hp,p1_poke5_attack,p1_poke5_special-attack,p1_poke5_defense,p1_poke5_special-defense,p1_poke5_speed,p1_poke5_move1,p1_poke5_move2,p1_poke5_move3,p1_poke5_move4,p1_poke5_ability,p1_poke5_hpPercent,p1_poke5_item,p1_poke5_status,p1_curr_active,p2_poke0_fusion_id,p2_poke0_type1,p2_poke0_type2,p2_poke0_type3,p2_poke0_type4,p2_poke0_hp,p2_poke0_attack,p2_poke0_special-attack,p2_poke0_defense,p2_poke0_special-defense,p2_poke0_speed,p2_poke0_move1,p2_poke0_move2,p2_poke0_move3,p2_poke0_move4,p2_poke0_ability,p2_poke0_hpPercent,p2_poke0_item,p2_poke0_status,p2_poke1_fusion_id,p2_poke1_type1,p2_poke1_type2,p2_poke1_type3,p2_poke1_type4,p2_poke1_hp,p2_poke1_attack,p2_poke1_special-attack,p2_poke1_defense,p2_poke1_special-defense,p2_poke1_speed,p2_poke1_move1,p2_poke1_move2,p2_poke1_move3,p2_poke1_move4,p2_poke1_ability,p2_poke1_hpPercent,p2_poke1_item,p2_poke1_status,p2_poke2_fusion_id,p2_poke2_type1,p2_poke2_type2,p2_poke2_type3,p2_poke2_type4,p2_poke2_hp,p2_poke2_attack,p2_poke2_special-attack,p2_poke2_defense,p2_poke2_special-defense,p2_poke2_speed,p2_poke2_move1,p2_poke2_move2,p2_poke2_move3,p2_poke2_move4,p2_poke2_ability,p2_poke2_hpPercent,p2_poke2_item,p2_poke2_status,p2_poke3_fusion_id,p2_poke3_type1,p2_poke3_type2,p2_poke3_type3,p2_poke3_type4,p2_poke3_hp,p2_poke3_attack,p2_poke3_special-attack,p2_poke3_defense,p2_poke3_special-defense,p2_poke3_speed,p2_poke3_move1,p2_poke3_move2,p2_poke3_move3,p2_poke3_move4,p2_poke3_ability,p2_poke3_hpPercent,p2_poke3_item,p2_poke3_status,p2_poke4_fusion_id,p2_poke4_type1,p2_poke4_type2,p2_poke4_type3,p2_poke4_type4,p2_poke4_hp,p2_poke4_attack,p2_poke4_special-attack,p2_poke4_defense,p2_poke4_special-defense,p2_poke4_speed,p2_poke4_move1,p2_poke4_move2,p2_poke4_move3,p2_poke4_move4,p2_poke4_ability,p2_poke4_hpPercent,p2_poke4_item,p2_poke4_status,p2_poke5_fusion_id,p2_poke5_type1,p2_poke5_type2,p2_poke5_type3,p2_poke5_type4,p2_poke5_hp,p2_poke5_attack,p2_poke5_special-attack,p2_poke5_defense,p2_poke5_special-defense,p2_poke5_speed,p2_poke5_move1,p2_poke5_move2,p2_poke5_move3,p2_poke5_move4,p2_poke5_ability,p2_poke5_hpPercent,p2_poke5_item,p2_poke5_status,p2_curr_active,decision,player1_total_hpPercent,player2_total_hpPercent
0,8.98348,15,9,18,18,88,85,120,55,111,85,-1,-1,-1,-1,-1,100,0,0,2.78092,16,9,18,18,73,86,103,68,76,90,-1,-1,-1,-1,-1,100,0,0,17.89508,8,6,18,18,88,108,74,78,70,102,-1,-1,-1,-1,-1,100,0,0,27.617,0,17,18,18,88,70,66,126,93,70,-1,-1,-1,-1,-1,100,0,0,0.55184,10,3,18,18,46,45,56,106,73,135,-1,-1,-1,-1,-1,100,0,0,8.6646,2,16,18,18,86,75,105,86,73,51,-1,-1,-1,-1,-1,100,0,0,4,13.8124,16,8,18,18,102,120,96,93,95,101,-1,-1,-1,-1,-1,100,0,0,6.124,2,9,18,18,88,88,120,81,78,73,-1,-1,-1,-1,-1,100,0,0,5.31056,8,12,18,18,72,136,76,55,70,53,-1,-1,-1,-1,-1,100,0,0,1.57632,11,6,18,18,76,130,86,58,81,58,-1,-1,-1,-1,-1,100,0,0,27.0096,3,5,18,18,87,74,86,119,90,58,-1,-1,-1,-1,-1,100,0,0,26.82736,16,4,18,18,76,132,110,92,90,50,-1,-1,-1,-1,-1,100,0,0,0,9,600,600
1,8.98348,15,9,18,18,88,85,120,55,111,85,-1,-1,-1,-1,-1,100,0,0,2.78092,16,9,18,18,73,86,103,68,76,90,-1,-1,-1,-1,-1,100,0,0,17.89508,8,6,18,18,88,108,74,78,70,102,-1,-1,-1,-1,-1,100,0,0,27.617,0,17,18,18,88,70,66,126,93,70,-1,-1,-1,-1,-1,100,0,0,0.55184,10,3,18,18,46,45,56,106,73,135,475,-1,-1,-1,-1,100,0,0,8.6646,2,16,18,18,86,75,105,86,73,51,-1,-1,-1,-1,-1,100,0,0,4,13.8124,16,8,18,18,102,120,96,93,95,101,-1,-1,-1,-1,-1,0,0,0,6.124,2,9,18,18,88,88,120,81,78,73,-1,-1,-1,-1,-1,100,0,0,5.31056,8,12,18,18,72,136,76,55,70,53,-1,-1,-1,-1,-1,100,0,0,1.57632,11,6,18,18,76,130,86,58,81,58,-1,-1,-1,-1,-1,100,0,0,27.0096,3,5,18,18,87,74,86,119,90,58,-1,-1,-1,-1,-1,100,0,0,26.82736,16,4,18,18,76,132,110,92,90,50,-1,-1,-1,-1,-1,100,0,0,3,9,600,500
2,8.98348,15,9,18,18,88,85,120,55,111,85,-1,-1,-1,-1,-1,100,0,0,2.78092,16,9,18,18,73,86,103,68,76,90,-1,-1,-1,-1,-1,98,234,0,17.89508,8,6,18,18,88,108,74,78,70,102,-1,-1,-1,-1,-1,100,0,0,27.617,0,17,18,18,88,70,66,126,93,70,-1,-1,-1,-1,-1,100,0,0,0.55184,10,3,18,18,46,45,56,106,73,135,475,-1,-1,-1,-1,100,0,0,8.6646,2,16,18,18,86,75,105,86,73,51,-1,-1,-1,-1,-1,100,0,0,1,13.8124,16,8,18,18,102,120,96,93,95,101,-1,-1,-1,-1,-1,0,0,0,6.124,2,9,18,18,88,88,120,81,78,73,-1,-1,-1,-1,-1,100,0,0,5.31056,8,12,18,18,72,136,76,55,70,53,-1,-1,-1,-1,-1,100,0,0,1.57632,11,6,18,18,76,130,86,58,81,58,239,-1,-1,-1,-1,100,0,4,27.0096,3,5,18,18,87,74,86,119,90,58,-1,-1,-1,-1,-1,100,0,0,26.82736,16,4,18,18,76,132,110,92,90,50,-1,-1,-1,-1,-1,100,0,0,3,6,598,500
3,8.98348,15,9,18,18,88,85,120,55,111,85,-1,-1,-1,-1,-1,100,0,0,2.78092,16,9,18,18,73,86,103,68,76,90,729,-1,-1,-1,-1,100,234,0,17.89508,8,6,18,18,88,108,74,78,70,102,-1,-1,-1,-1,-1,100,0,0,27.617,0,17,18,18,88,70,66,126,93,70,-1,-1,-1,-1,-1,100,0,0,0.55184,10,3,18,18,46,45,56,106,73,135,475,-1,-1,-1,-1,100,0,0,8.6646,2,16,18,18,86,75,105,86,73,51,-1,-1,-1,-1,-1,100,0,0,1,13.8124,16,8,18,18,102,120,96,93,95,101,-1,-1,-1,-1,-1,0,0,0,6.124,2,9,18,18,88,88,120,81,78,73,-1,-1,-1,-1,-1,100,272,6,5.31056,8,12,18,18,72,136,76,55,70,53,-1,-1,-1,-1,-1,100,0,0,1.57632,11,6,18,18,76,130,86,58,81,58,239,-1,-1,-1,-1,100,0,4,27.0096,3,5,18,18,87,74,86,119,90,58,-1,-1,-1,-1,-1,100,0,0,26.82736,16,4,18,18,76,132,110,92,90,50,-1,-1,-1,-1,-1,100,0,0,1,6,600,500
4,8.98348,15,9,18,18,88,85,120,55,111,85,-1,-1,-1,-1,-1,100,0,0,2.78092,16,9,18,18,73,86,103,68,76,90,729,717,-1,-1,-1,100,234,0,17.89508,8,6,18,18,88,108,74,78,70,102,-1,-1,-1,-1,-1,100,0,0,27.617,0,17,18,18,88,70,66,126,93,70,-1,-1,-1,-1,-1,100,0,0,0.55184,10,3,18,18,46,45,56,106,73,135,475,-1,-1,-1,-1,100,0,0,8.6646,2,16,18,18,86,75,105,86,73,51,-1,-1,-1,-1,-1,100,0,0,1,13.8124,16,8,18,18,102,120,96,93,95,101,-1,-1,-1,-1,-1,0,0,0,6.124,2,9,18,18,88,88,120,81,78,73,814,-1,-1,-1,-1,100,272,6,5.31056,8,12,18,18,72,136,76,55,70,53,-1,-1,-1,-1,-1,100,0,0,1.57632,11,6,18,18,76,130,86,58,81,58,239,-1,-1,-1,-1,100,0,4,27.0096,3,5,18,18,87,74,86,119,90,58,-1,-1,-1,-1,-1,100,0,0,26.82736,16,4,18,18,76,132,110,92,90,50,-1,-1,-1,-1,-1,100,0,0,1,1,600,500
5,8.98348,15,9,18,18,88,85,120,55,111,85,-1,-1,-1,-1,-1,100,0,0,2.78092,16,9,18,18,73,86,103,68,76,90,729,717,-1,-1,-1,100,234,0,17.89508,8,6,18,18,88,108,74,78,70,102,-1,-1,-1,-1,-1,100,0,0,27.617,0,17,18,18,88,70,66,126,93,70,-1,-1,-1,-1,-1,100,0,0,0.55184,10,3,18,18,46,45,56,106,73,135,475,-1,-1,-1,-1,100,0,0,8.6646,2,16,18,18,86,75,105,86,73,51,-1,-1,-1,-1,-1,100,0,0,1,13.8124,16,8,18,18,102,120,96,93,95,101,-1,-1,-1,-1,-1,0,0,0,6.124,2,9,18,18,88,88,120,81,78,73,814,825,-1,-1,-1,100,272,6,5.31056,8,12,18,18,72,136,76,55,70,53,-1,-1,-1,-1,-1,82,0,0,1.57632,11,6,18,18,76,130,86,58,81,58,239,-1,-1,-1,-1,100,0,4,27.0096,3,5,18,18,87,74,86,119,90,58,-1,-1,-1,-1,-1,100,0,0,26.82736,16,4,18,18,76,132,110,92,90,50,-1,-1,-1,-1,-1,100,0,0,2,2,600,482
6,8.98348,15,9,18,18,88,85,120,55,111,85,-1,-1,-1,-1,-1,100,0,0,2.78092,16,9,18,18,73,86,103,68,76,90,729,717,-1,-1,-1,0,234,0,17.89508,8,6,18,18,88,108,74,78,70,102,-1,-1,-1,-1,-1,100,0,0,27.617,0,17,18,18,88,70,66,126,93,70,-1,-1,-1,-1,-1,100,0,0,0.55184,10,3,18,18,46,45,56,106,73,135,475,-1,-1,-1,-1,100,0,0,8.6646,2,16,18,18,86,75,105,86,73,51,-1,-1,-1,-1,-1,100,0,0,5,13.8124,16,8,18,18,102,120,96,93,95,101,-1,-1,-1,-1,-1,0,0,0,6.124,2,9,18,18,88,88,120,81,78,73,814,825,-1,-1,-1,100,272,6,5.31056,8,12,18,18,72,136,76,55,70,53,317,-1,-1,-1,-1,82,0,0,1.57632,11,6,18,18,76,130,86,58,81,58,239,-1,-1,-1,-1,100,0,4,27.0096,3,5,18,18,87,74,86,119,90,58,-1,-1,-1,-1,-1,100,0,0,26.82736,16,4,18,18,76,132,110,92,90,50,-1,-1,-1,-1,-1,100,0,0,2,10,500,482
7,8.98348,15,9,18,18,88,85,120,55,111,85,-1,-1,-1,-1,-1,100,0,0,2.78092,16,9,18,18,73,86,103,68,76,90,729,717,-1,-1,-1,0,234,0,17.89508,8,6,18,18,88,108,74,78,70,102,-1,-1,-1,-1,-1,100,0,0,27.617,0,17,18,18,88,70,66,126,93,70,-1,-1,-1,-1,-1,100,0,0,0.55184,10,3,18,18,46,45,56,106,73,135,475,-1,-1,-1,-1,100,0,0,8.6646,2,16,18,18,86,75,105,86,73,51,806,-1,-1,-1,-1,0,0,0,0,13.8124,16,8,18,18,102,120,96,93,95,101,-1,-1,-1,-1,-1,0,0,0,6.124,2,9,18,18,88,88,120,81,78,73,814,825,-1,-1,-1,100,272,6,5.31056,8,12,18,18,72,136,76,55,70,53,317,194,-1,-1,-1,76,0,6,1.57632,11,6,18,18,76,130,86,58,81,58,239,-1,-1,-1,-1,100,0,4,27.0096,3,5,18,18,87,74,86,119,90,58,-1,-1,-1,-1,-1,100,0,0,26.82736,16,4,18,18,76,132,110,92,90,50,-1,-1,-1,-1,-1,100,0,0,2,5,400,476
8,8.98348,15,9,18,18,88,85,120,55,111,85,806,-1,-1,-1,-1,100,272,6,2.78092,16,9,18,18,73,86,103,68,76,90,729,717,-1,-1,-1,0,234,0,17.89508,8,6,18,18,88,108,74,78,70,102,-1,-1,-1,-1,-1,100,0,0,27.617,0,17,18,18,88,70,66,126,93,70,-1,-1,-1,-1,-1,100,0,0,0.55184,10,3,18,18,46,45,56,106,73,135,475,-1,-1,-1,-1,100,0,0,8.6646,2,16,18,18,86,75,105,86,73,51,806,-1,-1,-1,-1,0,0,0,0,13.8124,16,8,18,18,102,120,96,93,95,101,-1,-1,-1,-1,-1,0,0,0,6.124,2,9,18,18,88,88,120,81,78,73,814,825,-1,-1,-1,100,272,6,5.31056,8,12,18,18,72,136,76,55,70,53,317,194,767,-1,-1,64,0,6,1.57632,11,6,18,18,76,130,86,58,81,58,239,-1,-1,-1,-1,100,0,4,27.0096,3,5,18,18,87,74,86,119,90,58,-1,-1,-1,-1,-1,100,0,0,26.82736,16,4,18,18,76,132,110,92,90,50,-1,-1,-1,-1,-1,100,0,0,2,5,400,464
9,8.98348,15,9,18,18,88,85,120,55,111,85,806,194,-1,-1,-1,100,272,6,2.78092,16,9,18,18,73,86,103,68,76,90,729,717,-1,-1,-1,0,234,0,17.89508,8,6,18,18,88,108,74,78,70,102,-1,-1,-1,-1,-1,100,0,0,27.617,0,17,18,18,88,70,66,126,93,70,-1,-1,-1,-1,-1,100,0,0,0.55184,10,3,18,18,46,45,56,106,73,135,475,-1,-1,-1,-1,100,0,0,8.6646,2,16,18,18,86,75,105,86,73,51,806,-1,-1,-1,-1,0,0,0,0,13.8124,16,8,18,18,102,120,96,93,95,101,-1,-1,-1,-1,-1,0,0,0,6.124,2,9,18,18,88,88,120,81,78,73,814,825,-1,-1,-1,76,272,6,5.31056,8,12,18,18,72,136,76,55,70,53,317,194,767,-1,-1,0,0,6,1.57632,11,6,18,18,76,130,86,58,81,58,239,-1,-1,-1,-1,100,0,4,27.0096,3,5,18,18,87,74,86,119,90,58,-1,-1,-1,-1,-1,100,0,0,26.82736,16,4,18,18,76,132,110,92,90,50,-1,-1,-1,-1,-1,100,0,0,1,1,400,376
10,8.98348,15,9,18,18,88,85,120,55,111,85,806,194,-1,-1,-1,100,272,6,2.78092,16,9,18,18,73,86,103,68,76,90,729,717,-1,-1,-1,0,234,0,17.89508,8,6,18,18,88,108,74,78,70,102,-1,-1,-1,-1,-1,100,0,0,27.617,0,17,18,18,88,70,66,126,93,70,-1,-1,-1,-1,-1,100,0,0,0.55184,10,3,18,18,46,45,56,106,73,135,475,-1,-1,-1,-1,100,0,0,8.6646,2,16,18,18,86,75,105,86,73,51,806,-1,-1,-1,-1,0,0,0,3,13.8124,16,8,18,18,102,120,96,93,95,101,-1,-1,-1,-1,-1,0,0,0,6.124,2,9,18,18,88,88,120,81,78,73,814,825,-1,-1,-1,88,272,6,5.31056,8,12,18,18,72,136,76,55,70,53,317,194,767,-1,-1,0,0,6,1.57632,11,6,18,18,76,130,86,58,81,58,239,-1,-1,-1,-1,100,0,4,27.0096,3,5,18,18,87,74,86,119,90,58,-1,-1,-1,-1,-1,100,0,0,26.82736,16,4,18,18,76,132,110,92,90,50,-1,-1,-1,-1,-1,100,0,0,1,8,400,388
11,8.98348,15,9,18,18,88,85,120,55,111,85,806,194,-1,-1,-1,100,272,6,2.78092,16,9,18,18,73,86,103,68,76,90,729,717,-1,-1,-1,0,234,0,17.89508,8,6,18,18,88,108,74,78,70,102,-1,-1,-1,-1,-1,100,0,0,27.617,0,17,18,18,88,70,66,126,93,70,486,-1,-1,-1,-1,99,234,0,0.55184,10,3,18,18,46,45,56,106,73,135,475,-1,-1,-1,-1,100,0,0,8.6646,2,16,18,18,86,75,105,86,73,51,806,-1,-1,-1,-1,0,0,0,3,13.8124,16,8,18,18,102,120,96,93,95,101,-1,-1,-1,-1,-1,0,0,0,6.124,2,9,18,18,88,88,120,81,78,73,814,825,-1,-1,-1,88,272,6,5.31056,8,12,18,18,72,136,76,55,70,53,317,194,767,-1,-1,0,0,6,1.57632,11,6,18,18,76,130,86,58,81,58,239,-1,-1,-1,-1,100,0,4,27.0096,3,5,18,18,87,74,86,119,90,58,-1,-1,-1,-1,-1,100,0,0,26.82736,16,4,18,18,76,132,110,92,90,50,-1,-1,-1,-1,-1,50,0,0,5,8,399,338
12,8.98348,15,9,18,18,88,85,120,55,111,85,806,194,-1,-1,-1,100,272,6,2.78092,16,9,18,18,73,86,103,68,76,90,729,717,-1,-1,-1,0,234,0,17.89508,8,6,18,18,88,108,74,78,70,102,-1,-1,-1,-1,-1,100,0,0,27.617,0,17,18,18,88,70,66,126,93,70,486,-1,-1,-1,-1,0,234,0,0.55184,10,3,18,18,46,45,56,106,73,135,475,-1,-1,-1,-1,100,0,0,8.6646,2,16,18,18,86,75,105,86,73,51,806,-1,-1,-1,-1,0,0,0,2,13.8124,16,8,18,18,102,120,96,93,95,101,-1,-1,-1,-1,-1,0,0,0,6.124,2,9,18,18,88,88,120,81,78,73,814,825,-1,-1,-1,88,272,6,5.31056,8,12,18,18,72,136,76,55,70,53,317,194,767,-1,-1,0,0,6,1.57632,11,6,18,18,76,130,86,58,81,58,239,-1,-1,-1,-1,100,0,4,27.0096,3,5,18,18,87,74,86,119,90,58,-1,-1,-1,-1,-1,100,0,0,26.82736,16,4,18,18,76,132,110,92,90,50,471,-1,-1,-1,-1,50,0,0,5,7,300,338
13,8.98348,15,9,18,18,88,85,120,55,111,85,806,194,-1,-1,-1,94,272,6,2.78092,16,9,18,18,73,86,103,68,76,90,729,717,-1,-1,-1,0,234,0,17.89508,8,6,18,18,88,108,74,78,70,102,-1,-1,-1,-1,-1,100,0,0,27.617,0,17,18,18,88,70,66,126,93,70,486,-1,-1,-1,-1,0,234,0,0.55184,10,3,18,18,46,45,56,106,73,135,475,-1,-1,-1,-1,100,0,0,8.6646,2,16,18,18,86,75,105,86,73,51,806,-1,-1,-1,-1,0,0,0,0,13.8124,16,8,18,18,102,120,96,93,95,101,-1,-1,-1,-1,-1,0,0,0,6.124,2,9,18,18,88,88,120,81,78,73,814,825,-1,-1,-1,88,272,6,5.31056,8,12,18,18,72,136,76,55,70,53,317,194,767,-1,-1,0,0,6,1.57632,11,6,18,18,76,130,86,58,81,58,239,-1,-1,-1,-1,100,0,4,27.0096,3,5,18,18,87,74,86,119,90,58,-1,-1,-1,-1,-1,100,0,0,26.82736,16,4,18,18,76,132,110,92,90,50,471,563,-1,-1,-1,50,0,0,5,5,294,338
14,8.98348,15,9,18,18,88,85,120,55,111,85,806,194,-1,-1,-1,94,272,6,2.78092,16,9,18,18,73,86,103,68,76,90,729,717,-1,-1,-1,0,234,0,17.89508,8,6,18,18,88,108,74,78,70,102,-1,-1,-1,-1,-1,7,0,0,27.617,0,17,18,18,88,70,66,126,93,70,486,-1,-1,-1,-1,0,234,0,0.55184,10,3,18,18,46,45,56,106,73,135,475,-1,-1,-1,-1,100,0,0,8.6646,2,16,18,18,86,75,105,86,73,51,806,-1,-1,-1,-1,0,0,0,2,13.8124,16,8,18,18,102,120,96,93,95,101,-1,-1,-1,-1,-1,0,0,0,6.124,2,9,18,18,88,88,120,81,78,73,814,825,-1,-1,-1,88,272,6,5.31056,8,12,18,18,72,136,76,55,70,53,317,194,767,-1,-1,0,0,6,1.57632,11,6,18,18,76,130,86,58,81,58,239,-1,-1,-1,-1,100,0,4,27.0096,3,5,18,18,87,74,86,119,90,58,-1,-1,-1,-1,-1,100,0,0,26.82736,16,4,18,18,76,132,110,92,90,50,471,563,-1,-1,-1,50,0,0,5,7,201,338
15,8.98348,15,9,18,18,88,85,120,55,111,85,806,194,-1,-1,-1,94,272,6,2.78092,16,9,18,18,73,86,103,68,76,90,729,717,-1,-1,-1,0,234,0,17.89508,8,6,18,18,88,108,74,78,70,102,-1,-1,-1,-1,-1,0,0,0,27.617,0,17,18,18,88,70,66,126,93,70,486,-1,-1,-1,-1,0,234,0,0.55184,10,3,18,18,46,45,56,106,73,135,475,-1,-1,-1,-1,100,0,0,8.6646,2,16,18,18,86,75,105,86,73,51,806,-1,-1,-1,-1,0,0,0,4,13.8124,16,8,18,18,102,120,96,93,95,101,-1,-1,-1,-1,-1,0,0,0,6.124,2,9,18,18,88,88,120,81,78,73,814,825,-1,-1,-1,88,272,6,5.31056,8,12,18,18,72,136,76,55,70,53,317,194,767,-1,-1,0,0,6,1.57632,11,6,18,18,76,130,86,58,81,58,239,-1,-1,-1,-1,100,0,4,27.0096,3,5,18,18,87,74,86,119,90,58,-1,-1,-1,-1,-1,100,0,0,26.82736,16,4,18,18,76,132,110,92,90,50,471,563,90,-1,-1,50,0,0,5,9,194,338
16,8.98348,15,9,18,18,88,85,120,55,111,85,806,194,-1,-1,-1,94,272,6,2.78092,16,9,18,18,73,86,103,68,76,90,729,717,-1,-1,-1,0,234,0,17.89508,8,6,18,18,88,108,74,78,70,102,-1,-1,-1,-1,-1,0,0,0,27.617,0,17,18,18,88,70,66,126,93,70,486,-1,-1,-1,-1,0,234,0,0.55184,10,3,18,18,46,45,56,106,73,135,475,-1,-1,-1,-1,75,0,0,8.6646,2,16,18,18,86,75,105,86,73,51,806,-1,-1,-1,-1,0,0,0,4,13.8124,16,8,18,18,102,120,96,93,95,101,-1,-1,-1,-1,-1,0,0,0,6.124,2,9,18,18,88,88,120,81,78,73,814,825,-1,-1,-1,88,272,6,5.31056,8,12,18,18,72,136,76,55,70,53,317,194,767,-1,-1,0,0,6,1.57632,11,6,18,18,76,130,86,58,81,58,239,-1,-1,-1,-1,71,0,4,27.0096,3,5,18,18,87,74,86,119,90,58,-1,-1,-1,-1,-1,100,0,0,26.82736,16,4,18,18,76,132,110,92,90,50,471,563,90,-1,-1,0,0,0,3,1,169,259
17,8.98348,15,9,18,18,88,85,120,55,111,85,806,194,-1,-1,-1,44,272,6,2.78092,16,9,18,18,73,86,103,68,76,90,729,717,-1,-1,-1,0,234,0,17.89508,8,6,18,18,88,108,74,78,70,102,-1,-1,-1,-1,-1,0,0,0,27.617,0,17,18,18,88,70,66,126,93,70,486,-1,-1,-1,-1,0,234,0,0.55184,10,3,18,18,46,45,56,106,73,135,475,-1,-1,-1,-1,75,0,0,8.6646,2,16,18,18,86,75,105,86,73,51,806,-1,-1,-1,-1,0,0,0,0,13.8124,16,8,18,18,102,120,96,93,95,101,-1,-1,-1,-1,-1,0,0,0,6.124,2,9,18,18,88,88,120,81,78,73,814,825,-1,-1,-1,88,272,6,5.31056,8,12,18,18,72,136,76,55,70,53,317,194,767,-1,-1,0,0,6,1.57632,11,6,18,18,76,130,86,58,81,58,239,-1,-1,-1,-1,71,0,4,27.0096,3,5,18,18,87,74,86,119,90,58,-1,-1,-1,-1,-1,100,0,0,26.82736,16,4,18,18,76,132,110,92,90,50,471,563,90,-1,-1,0,0,0,3,5,119,259
18,8.98348,15,9,18,18,88,85,120,55,111,85,806,194,628,-1,-1,15,272,6,2.78092,16,9,18,18,73,86,103,68,76,90,729,717,-1,-1,-1,0,234,0,17.89508,8,6,18,18,88,108,74,78,70,102,-1,-1,-1,-1,-1,0,0,0,27.617,0,17,18,18,88,70,66,126,93,70,486,-1,-1,-1,-1,0,234,0,0.55184,10,3,18,18,46,45,56,106,73,135,475,-1,-1,-1,-1,75,0,0,8.6646,2,16,18,18,86,75,105,86,73,51,806,-1,-1,-1,-1,0,0,0,0,13.8124,16,8,18,18,102,120,96,93,95,101,-1,-1,-1,-1,-1,0,0,0,6.124,2,9,18,18,88,88,120,81,78,73,814,825,-1,-1,-1,76,272,6,5.31056,8,12,18,18,72,136,76,55,70,53,317,194,767,-1,-1,0,0,6,1.57632,11,6,18,18,76,130,86,58,81,58,239,825,-1,-1,-1,71,0,4,27.0096,3,5,18,18,87,74,86,119,90,58,-1,-1,-1,-1,-1,100,0,0,26.82736,16,4,18,18,76,132,110,92,90,50,471,563,90,-1,-1,0,0,0,1,2,90,247
19,8.98348,15,9,18,18,88,85,120,55,111,85,806,194,628,-1,-1,78,272,6,2.78092,16,9,18,18,73,86,103,68,76,90,729,717,-1,-1,-1,0,234,0,17.89508,8,6,18,18,88,108,74,78,70,102,-1,-1,-1,-1,-1,0,0,0,27.617,0,17,18,18,88,70,66,126,93,70,486,-1,-1,-1,-1,0,234,0,0.55184,10,3,18,18,46,45,56,106,73,135,475,-1,-1,-1,-1,75,0,0,8.6646,2,16,18,18,86,75,105,86,73,51,806,-1,-1,-1,-1,0,0,0,0,13.8124,16,8,18,18,102,120,96,93,95,101,-1,-1,-1,-1,-1,0,0,0,6.124,2,9,18,18,88,88,120,81,78,73,814,825,-1,-1,-1,88,272,6,5.31056,8,12,18,18,72,136,76,55,70,53,317,194,767,-1,-1,0,0,6,1.57632,11,6,18,18,76,130,86,58,81,58,239,825,-1,-1,-1,71,0,4,27.0096,3,5,18,18,87,74,86,119,90,58,-1,-1,-1,-1,-1,100,0,0,26.82736,16,4,18,18,76,132,110,92,90,50,471,563,90,-1,-1,0,0,0,1,3,153,259
20,8.98348,15,9,18,18,88,85,120,55,111,85,806,194,628,-1,-1,100,272,6,2.78092,16,9,18,18,73,86,103,68,76,90,729,717,-1,-1,-1,0,234,0,17.89508,8,6,18,18,88,108,74,78,70,102,-1,-1,-1,-1,-1,0,0,0,27.617,0,17,18,18,88,70,66,126,93,70,486,-1,-1,-1,-1,0,234,0,0.55184,10,3,18,18,46,45,56,106,73,135,475,-1,-1,-1,-1,75,0,0,8.6646,2,16,18,18,86,75,105,86,73,51,806,-1,-1,-1,-1,0,0,0,0,13.8124,16,8,18,18,102,120,96,93,95,101,-1,-1,-1,-1,-1,0,0,0,6.124,2,9,18,18,88,88,120,81,78,73,814,825,-1,-1,-1,88,272,6,5.31056,8,12,18,18,72,136,76,55,70,53,317,194,767,-1,-1,0,0,6,1.57632,11,6,18,18,76,130,86,58,81,58,239,825,-1,-1,-1,42,0,4,27.0096,3,5,18,18,87,74,86,119,90,58,-1,-1,-1,-1,-1,100,0,0,26.82736,16,4,18,18,76,132,110,92,90,50,471,563,90,-1,-1,0,0,0,3,3,175,230
21,8.98348,15,9,18,18,88,85,120,55,111,85,806,194,628,-1,-1,100,272,6,2.78092,16,9,18,18,73,86,103,68,76,90,729,717,-1,-1,-1,0,234,0,17.89508,8,6,18,18,88,108,74,78,70,102,-1,-1,-1,-1,-1,0,0,0,27.617,0,17,18,18,88,70,66,126,93,70,486,-1,-1,-1,-1,0,234,0,0.55184,10,3,18,18,46,45,56,106,73,135,475,-1,-1,-1,-1,75,0,0,8.6646,2,16,18,18,86,75,105,86,73,51,806,-1,-1,-1,-1,0,0,0,0,13.8124,16,8,18,18,102,120,96,93,95,101,-1,-1,-1,-1,-1,0,0,0,6.124,2,9,18,18,88,88,120,81,78,73,814,825,-1,-1,-1,88,272,6,5.31056,8,12,18,18,72,136,76,55,70,53,317,194,767,-1,-1,0,0,6,1.57632,11,6,18,18,76,130,86,58,81,58,239,825,-1,-1,-1,42,0,4,27.0096,3,5,18,18,87,74,86,119,90,58,-1,-1,-1,-1,-1,100,0,0,26.82736,16,4,18,18,76,132,110,92,90,50,471,563,90,-1,-1,0,0,0,3,3,175,230
22,8.98348,15,9,18,18,88,85,120,55,111,85,806,194,628,-1,-1,89,272,6,2.78092,16,9,18,18,73,86,103,68,76,90,729,717,-1,-1,-1,0,234,0,17.89508,8,6,18,18,88,108,74,78,70,102,-1,-1,-1,-1,-1,0,0,0,27.617,0,17,18,18,88,70,66,126,93,70,486,-1,-1,-1,-1,0,234,0,0.55184,10,3,18,18,46,45,56,106,73,135,475,-1,-1,-1,-1,75,0,0,8.6646,2,16,18,18,86,75,105,86,73,51,806,-1,-1,-1,-1,0,0,0,0,13.8124,16,8,18,18,102,120,96,93,95,101,-1,-1,-1,-1,-1,0,0,0,6.124,2,9,18,18,88,88,120,81,78,73,814,825,-1,-1,-1,88,272,6,5.31056,8,12,18,18,72,136,76,55,70,53,317,194,767,-1,-1,0,0,6,1.57632,11,6,18,18,76,130,86,58,81,58,239,825,113,-1,-1,42,0,4,27.0096,3,5,18,18,87,74,86,119,90,58,-1,-1,-1,-1,-1,100,0,0,26.82736,16,4,18,18,76,132,110,92,90,50,471,563,90,-1,-1,0,0,0,3,3,164,230
23,8.98348,15,9,18,18,88,85,120,55,111,85,806,194,628,-1,-1,100,272,6,2.78092,16,9,18,18,73,86,103,68,76,90,729,717,-1,-1,-1,0,234,0,17.89508,8,6,18,18,88,108,74,78,70,102,-1,-1,-1,-1,-1,0,0,0,27.617,0,17,18,18,88,70,66,126,93,70,486,-1,-1,-1,-1,0,234,0,0.55184,10,3,18,18,46,45,56,106,73,135,475,-1,-1,-1,-1,75,0,0,8.6646,2,16,18,18,86,75,105,86,73,51,806,-1,-1,-1,-1,0,0,0,0,13.8124,16,8,18,18,102,120,96,93,95,101,-1,-1,-1,-1,-1,0,0,0,6.124,2,9,18,18,88,88,120,81,78,73,814,825,-1,-1,-1,76,272,6,5.31056,8,12,18,18,72,136,76,55,70,53,317,194,767,-1,-1,0,0,6,1.57632,11,6,18,18,76,130,86,58,81,58,239,825,113,-1,-1,42,0,4,27.0096,3,5,18,18,87,74,86,119,90,58,-1,-1,-1,-1,-1,100,0,0,26.82736,16,4,18,18,76,132,110,92,90,50,471,563,90,-1,-1,0,0,0,1,3,175,218
24,8.98348,15,9,18,18,88,85,120,55,111,85,806,194,628,729,-1,95,272,6,2.78092,16,9,18,18,73,86,103,68,76,90,729,717,-1,-1,-1,0,234,0,17.89508,8,6,18,18,88,108,74,78,70,102,-1,-1,-1,-1,-1,0,0,0,27.617,0,17,18,18,88,70,66,126,93,70,486,-1,-1,-1,-1,0,234,0,0.55184,10,3,18,18,46,45,56,106,73,135,475,-1,-1,-1,-1,75,0,0,8.6646,2,16,18,18,86,75,105,86,73,51,806,-1,-1,-1,-1,0,0,0,0,13.8124,16,8,18,18,102,120,96,93,95,101,-1,-1,-1,-1,-1,0,0,0,6.124,2,9,18,18,88,88,120,81,78,73,814,825,759,-1,-1,88,272,6,5.31056,8,12,18,18,72,136,76,55,70,53,317,194,767,-1,-1,0,0,6,1.57632,11,6,18,18,76,130,86,58,81,58,239,825,113,-1,-1,42,0,4,27.0096,3,5,18,18,87,74,86,119,90,58,-1,-1,-1,-1,-1,100,0,0,26.82736,16,4,18,18,76,132,110,92,90,50,471,563,90,-1,-1,0,0,0,1,3,170,230
25,8.98348,15,9,18,18,88,85,120,55,111,85,806,194,628,729,-1,100,272,6,2.78092,16,9,18,18,73,86,103,68,76,90,729,717,-1,-1,-1,0,234,0,17.89508,8,6,18,18,88,108,74,78,70,102,-1,-1,-1,-1,-1,0,0,0,27.617,0,17,18,18,88,70,66,126,93,70,486,-1,-1,-1,-1,0,234,0,0.55184,10,3,18,18,46,45,56,106,73,135,475,-1,-1,-1,-1,75,0,0,8.6646,2,16,18,18,86,75,105,86,73,51,806,-1,-1,-1,-1,0,0,0,0,13.8124,16,8,18,18,102,120,96,93,95,101,-1,-1,-1,-1,-1,0,0,0,6.124,2,9,18,18,88,88,120,81,78,73,814,825,759,-1,-1,100,272,6,5.31056,8,12,18,18,72,136,76,55,70,53,317,194,767,-1,-1,0,0,6,1.57632,11,6,18,18,76,130,86,58,81,58,239,825,113,-1,-1,42,0,4,27.0096,3,5,18,18,87,74,86,119,90,58,-1,-1,-1,-1,-1,100,0,0,26.82736,16,4,18,18,76,132,110,92,90,50,471,563,90,-1,-1,0,0,0,1,4,175,242
26,8.98348,15,9,18,18,88,85,120,55,111,85,806,194,628,729,-1,100,272,6,2.78092,16,9,18,18,73,86,103,68,76,90,729,717,-1,-1,-1,0,234,0,17.89508,8,6,18,18,88,108,74,78,70,102,-1,-1,-1,-1,-1,0,0,0,27.617,0,17,18,18,88,70,66,126,93,70,486,-1,-1,-1,-1,0,234,0,0.55184,10,3,18,18,46,45,56,106,73,135,475,-1,-1,-1,-1,75,0,0,8.6646,2,16,18,18,86,75,105,86,73,51,806,-1,-1,-1,-1,0,0,0,0,13.8124,16,8,18,18,102,120,96,93,95,101,-1,-1,-1,-1,-1,0,0,0,6.124,2,9,18,18,88,88,120,81,78,73,814,825,759,-1,-1,100,272,6,5.31056,8,12,18,18,72,136,76,55,70,53,317,194,767,-1,-1,0,0,6,1.57632,11,6,18,18,76,130,86,58,81,58,239,825,113,-1,-1,2,0,4,27.0096,3,5,18,18,87,74,86,119,90,58,-1,-1,-1,-1,-1,100,0,0,26.82736,16,4,18,18,76,132,110,92,90,50,471,563,90,-1,-1,0,0,0,3,2,175,202
27,8.98348,15,9,18,18,88,85,120,55,111,85,806,194,628,729,-1,100,272,6,2.78092,16,9,18,18,73,86,103,68,76,90,729,717,-1,-1,-1,0,234,0,17.89508,8,6,18,18,88,108,74,78,70,102,-1,-1,-1,-1,-1,0,0,0,27.617,0,17,18,18,88,70,66,126,93,70,486,-1,-1,-1,-1,0,234,0,0.55184,10,3,18,18,46,45,56,106,73,135,475,-1,-1,-1,-1,75,0,0,8.6646,2,16,18,18,86,75,105,86,73,51,806,-1,-1,-1,-1,0,0,0,0,13.8124,16,8,18,18,102,120,96,93,95,101,-1,-1,-1,-1,-1,0,0,0,6.124,2,9,18,18,88,88,120,81,78,73,814,825,759,-1,-1,88,272,6,5.31056,8,12,18,18,72,136,76,55,70,53,317,194,767,-1,-1,0,0,6,1.57632,11,6,18,18,76,130,86,58,81,58,239,825,113,-1,-1,2,0,4,27.0096,3,5,18,18,87,74,86,119,90,58,-1,-1,-1,-1,-1,100,0,0,26.82736,16,4,18,18,76,132,110,92,90,50,471,563,90,-1,-1,0,0,0,1,3,175,190
28,8.98348,15,9,18,18,88,85,120,55,111,85,806,194,628,729,-1,100,272,6,2.78092,16,9,18,18,73,86,103,68,76,90,729,717,-1,-1,-1,0,234,0,17.89508,8,6,18,18,88,108,74,78,70,102,-1,-1,-1,-1,-1,0,0,0,27.617,0,17,18,18,88,70,66,126,93,70,486,-1,-1,-1,-1,0,234,0,0.55184,10,3,18,18,46,45,56,106,73,135,475,-1,-1,-1,-1,75,0,0,8.6646,2,16,18,18,86,75,105,86,73,51,806,-1,-1,-1,-1,0,0,0,0,13.8124,16,8,18,18,102,120,96,93,95,101,-1,-1,-1,-1,-1,0,0,0,6.124,2,9,18,18,88,88,120,81,78,73,814,825,759,-1,-1,88,272,6,5.31056,8,12,18,18,72,136,76,55,70,53,317,194,767,-1,-1,0,0,6,1.57632,11,6,18,18,76,130,86,58,81,58,239,825,113,-1,-1,0,0,4,27.0096,3,5,18,18,87,74,86,119,90,58,-1,-1,-1,-1,-1,59,0,0,26.82736,16,4,18,18,76,132,110,92,90,50,471,563,90,-1,-1,0,0,0,4,2,175,147
29,8.98348,15,9,18,18,88,85,120,55,111,85,806,194,628,729,-1,24,272,6,2.78092,16,9,18,18,73,86,103,68,76,90,729,717,-1,-1,-1,0,234,0,17.89508,8,6,18,18,88,108,74,78,70,102,-1,-1,-1,-1,-1,0,0,0,27.617,0,17,18,18,88,70,66,126,93,70,486,-1,-1,-1,-1,0,234,0,0.55184,10,3,18,18,46,45,56,106,73,135,475,-1,-1,-1,-1,75,0,0,8.6646,2,16,18,18,86,75,105,86,73,51,806,-1,-1,-1,-1,0,0,0,0,13.8124,16,8,18,18,102,120,96,93,95,101,-1,-1,-1,-1,-1,0,0,0,6.124,2,9,18,18,88,88,120,81,78,73,814,825,759,-1,-1,88,272,6,5.31056,8,12,18,18,72,136,76,55,70,53,317,194,767,-1,-1,0,0,6,1.57632,11,6,18,18,76,130,86,58,81,58,239,825,113,-1,-1,0,0,4,27.0096,3,5,18,18,87,74,86,119,90,58,381,-1,-1,-1,-1,17,0,0,26.82736,16,4,18,18,76,132,110,92,90,50,471,563,90,-1,-1,0,0,0,4,2,99,105
30,8.98348,15,9,18,18,88,85,120,55,111,85,806,194,628,729,-1,46,272,6,2.78092,16,9,18,18,73,86,103,68,76,90,729,717,-1,-1,-1,0,234,0,17.89508,8,6,18,18,88,108,74,78,70,102,-1,-1,-1,-1,-1,0,0,0,27.617,0,17,18,18,88,70,66,126,93,70,486,-1,-1,-1,-1,0,234,0,0.55184,10,3,18,18,46,45,56,106,73,135,475,-1,-1,-1,-1,75,0,0,8.6646,2,16,18,18,86,75,105,86,73,51,806,-1,-1,-1,-1,0,0,0,0,13.8124,16,8,18,18,102,120,96,93,95,101,-1,-1,-1,-1,-1,0,0,0,6.124,2,9,18,18,88,88,120,81,78,73,814,825,759,-1,-1,88,272,6,5.31056,8,12,18,18,72,136,76,55,70,53,317,194,767,-1,-1,0,0,6,1.57632,11,6,18,18,76,130,86,58,81,58,239,825,113,-1,-1,0,0,4,27.0096,3,5,18,18,87,74,86,119,90,58,381,-1,-1,-1,-1,17,0,0,26.82736,16,4,18,18,76,132,110,92,90,50,471,563,90,-1,-1,0,0,0,4,3,121,105
31,8.98348,15,9,18,18,88,85,120,55,111,85,806,194,628,729,-1,66,272,6,2.78092,16,9,18,18,73,86,103,68,76,90,729,717,-1,-1,-1,0,234,0,17.89508,8,6,18,18,88,108,74,78,70,102,-1,-1,-1,-1,-1,0,0,0,27.617,0,17,18,18,88,70,66,126,93,70,486,-1,-1,-1,-1,0,234,0,0.55184,10,3,18,18,46,45,56,106,73,135,475,-1,-1,-1,-1,75,0,0,8.6646,2,16,18,18,86,75,105,86,73,51,806,-1,-1,-1,-1,0,0,0,0,13.8124,16,8,18,18,102,120,96,93,95,101,-1,-1,-1,-1,-1,0,0,0,6.124,2,9,18,18,88,88,120,81,78,73,814,825,759,-1,-1,88,272,6,5.31056,8,12,18,18,72,136,76,55,70,53,317,194,767,-1,-1,0,0,6,1.57632,11,6,18,18,76,130,86,58,81,58,239,825,113,-1,-1,0,0,4,27.0096,3,5,18,18,87,74,86,119,90,58,381,-1,-1,-1,-1,17,0,0,26.82736,16,4,18,18,76,132,110,92,90,50,471,563,90,-1,-1,0,0,0,4,3,141,105
32,8.98348,15,9,18,18,88,85,120,55,111,85,806,194,628,729,-1,78,272,6,2.78092,16,9,18,18,73,86,103,68,76,90,729,717,-1,-1,-1,0,234,0,17.89508,8,6,18,18,88,108,74,78,70,102,-1,-1,-1,-1,-1,0,0,0,27.617,0,17,18,18,88,70,66,126,93,70,486,-1,-1,-1,-1,0,234,0,0.55184,10,3,18,18,46,45,56,106,73,135,475,-1,-1,-1,-1,75,0,0,8.6646,2,16,18,18,86,75,105,86,73,51,806,-1,-1,-1,-1,0,0,0,0,13.8124,16,8,18,18,102,120,96,93,95,101,-1,-1,-1,-1,-1,0,0,0,6.124,2,9,18,18,88,88,120,81,78,73,814,825,759,-1,-1,63,272,6,5.31056,8,12,18,18,72,136,76,55,70,53,317,194,767,-1,-1,0,0,6,1.57632,11,6,18,18,76,130,86,58,81,58,239,825,113,-1,-1,0,0,4,27.0096,3,5,18,18,87,74,86,119,90,58,381,-1,-1,-1,-1,0,0,0,26.82736,16,4,18,18,76,132,110,92,90,50,471,563,90,-1,-1,0,0,0,1,2,153,63
33,8.98348,15,9,18,18,88,85,120,55,111,85,806,194,628,729,-1,90,272,6,2.78092,16,9,18,18,73,86,103,68,76,90,729,717,-1,-1,-1,0,234,0,17.89508,8,6,18,18,88,108,74,78,70,102,-1,-1,-1,-1,-1,0,0,0,27.617,0,17,18,18,88,70,66,126,93,70,486,-1,-1,-1,-1,0,234,0,0.55184,10,3,18,18,46,45,56,106,73,135,475,-1,-1,-1,-1,75,0,0,8.6646,2,16,18,18,86,75,105,86,73,51,806,-1,-1,-1,-1,0,0,0,0,13.8124,16,8,18,18,102,120,96,93,95,101,-1,-1,-1,-1,-1,0,0,0,6.124,2,9,18,18,88,88,120,81,78,73,814,825,759,628,-1,100,272,6,5.31056,8,12,18,18,72,136,76,55,70,53,317,194,767,-1,-1,0,0,6,1.57632,11,6,18,18,76,130,86,58,81,58,239,825,113,-1,-1,0,0,4,27.0096,3,5,18,18,87,74,86,119,90,58,381,-1,-1,-1,-1,0,0,0,26.82736,16,4,18,18,76,132,110,92,90,50,471,563,90,-1,-1,0,0,0,1,4,165,100
34,8.98348,15,9,18,18,88,85,120,55,111,85,806,194,628,729,-1,86,272,6,2.78092,16,9,18,18,73,86,103,68,76,90,729,717,-1,-1,-1,0,234,0,17.89508,8,6,18,18,88,108,74,78,70,102,-1,-1,-1,-1,-1,0,0,0,27.617,0,17,18,18,88,70,66,126,93,70,486,-1,-1,-1,-1,0,234,0,0.55184,10,3,18,18,46,45,56,106,73,135,475,-1,-1,-1,-1,75,0,0,8.6646,2,16,18,18,86,75,105,86,73,51,806,-1,-1,-1,-1,0,0,0,0,13.8124,16,8,18,18,102,120,96,93,95,101,-1,-1,-1,-1,-1,0,0,0,6.124,2,9,18,18,88,88,120,81,78,73,814,825,759,628,-1,100,272,6,5.31056,8,12,18,18,72,136,76,55,70,53,317,194,767,-1,-1,0,0,6,1.57632,11,6,18,18,76,130,86,58,81,58,239,825,113,-1,-1,0,0,4,27.0096,3,5,18,18,87,74,86,119,90,58,381,-1,-1,-1,-1,0,0,0,26.82736,16,4,18,18,76,132,110,92,90,50,471,563,90,-1,-1,0,0,0,1,4,161,100
35,8.98348,15,9,18,18,88,85,120,55,111,85,806,194,628,729,-1,83,272,6,2.78092,16,9,18,18,73,86,103,68,76,90,729,717,-1,-1,-1,0,234,0,17.89508,8,6,18,18,88,108,74,78,70,102,-1,-1,-1,-1,-1,0,0,0,27.617,0,17,18,18,88,70,66,126,93,70,486,-1,-1,-1,-1,0,234,0,0.55184,10,3,18,18,46,45,56,106,73,135,475,-1,-1,-1,-1,75,0,0,8.6646,2,16,18,18,86,75,105,86,73,51,806,-1,-1,-1,-1,0,0,0,0,13.8124,16,8,18,18,102,120,96,93,95,101,-1,-1,-1,-1,-1,0,0,0,6.124,2,9,18,18,88,88,120,81,78,73,814,825,759,628,-1,100,272,6,5.31056,8,12,18,18,72,136,76,55,70,53,317,194,767,-1,-1,0,0,6,1.57632,11,6,18,18,76,130,86,58,81,58,239,825,113,-1,-1,0,0,4,27.0096,3,5,18,18,87,74,86,119,90,58,381,-1,-1,-1,-1,0,0,0,26.82736,16,4,18,18,76,132,110,92,90,50,471,563,90,-1,-1,0,0,0,1,4,158,100
36,8.98348,15,9,18,18,88,85,120,55,111,85,806,194,628,729,-1,80,272,6,2.78092,16,9,18,18,73,86,103,68,76,90,729,717,-1,-1,-1,0,234,0,17.89508,8,6,18,18,88,108,74,78,70,102,-1,-1,-1,-1,-1,0,0,0,27.617,0,17,18,18,88,70,66,126,93,70,486,-1,-1,-1,-1,0,234,0,0.55184,10,3,18,18,46,45,56,106,73,135,475,-1,-1,-1,-1,75,0,0,8.6646,2,16,18,18,86,75,105,86,73,51,806,-1,-1,-1,-1,0,0,0,0,13.8124,16,8,18,18,102,120,96,93,95,101,-1,-1,-1,-1,-1,0,0,0,6.124,2,9,18,18,88,88,120,81,78,73,814,825,759,628,-1,100,272,6,5.31056,8,12,18,18,72,136,76,55,70,53,317,194,767,-1,-1,0,0,6,1.57632,11,6,18,18,76,130,86,58,81,58,239,825,113,-1,-1,0,0,4,27.0096,3,5,18,18,87,74,86,119,90,58,381,-1,-1,-1,-1,0,0,0,26.82736,16,4,18,18,76,132,110,92,90,50,471,563,90,-1,-1,0,0,0,1,4,155,100
37,8.98348,15,9,18,18,88,85,120,55,111,85,806,194,628,729,-1,77,272,6,2.78092,16,9,18,18,73,86,103,68,76,90,729,717,-1,-1,-1,0,234,0,17.89508,8,6,18,18,88,108,74,78,70,102,-1,-1,-1,-1,-1,0,0,0,27.617,0,17,18,18,88,70,66,126,93,70,486,-1,-1,-1,-1,0,234,0,0.55184,10,3,18,18,46,45,56,106,73,135,475,-1,-1,-1,-1,75,0,0,8.6646,2,16,18,18,86,75,105,86,73,51,806,-1,-1,-1,-1,0,0,0,0,13.8124,16,8,18,18,102,120,96,93,95,101,-1,-1,-1,-1,-1,0,0,0,6.124,2,9,18,18,88,88,120,81,78,73,814,825,759,628,-1,100,272,6,5.31056,8,12,18,18,72,136,76,55,70,53,317,194,767,-1,-1,0,0,6,1.57632,11,6,18,18,76,130,86,58,81,58,239,825,113,-1,-1,0,0,4,27.0096,3,5,18,18,87,74,86,119,90,58,381,-1,-1,-1,-1,0,0,0,26.82736,16,4,18,18,76,132,110,92,90,50,471,563,90,-1,-1,0,0,0,1,4,152,100
38,8.98348,15,9,18,18,88,85,120,55,111,85,806,194,628,729,-1,75,272,6,2.78092,16,9,18,18,73,86,103,68,76,90,729,717,-1,-1,-1,0,234,0,17.89508,8,6,18,18,88,108,74,78,70,102,-1,-1,-1,-1,-1,0,0,0,27.617,0,17,18,18,88,70,66,126,93,70,486,-1,-1,-1,-1,0,234,0,0.55184,10,3,18,18,46,45,56,106,73,135,475,-1,-1,-1,-1,75,0,0,8.6646,2,16,18,18,86,75,105,86,73,51,806,-1,-1,-1,-1,0,0,0,0,13.8124,16,8,18,18,102,120,96,93,95,101,-1,-1,-1,-1,-1,0,0,0,6.124,2,9,18,18,88,88,120,81,78,73,814,825,759,628,-1,100,272,6,5.31056,8,12,18,18,72,136,76,55,70,53,317,194,767,-1,-1,0,0,6,1.57632,11,6,18,18,76,130,86,58,81,58,239,825,113,-1,-1,0,0,4,27.0096,3,5,18,18,87,74,86,119,90,58,381,-1,-1,-1,-1,0,0,0,26.82736,16,4,18,18,76,132,110,92,90,50,471,563,90,-1,-1,0,0,0,1,4,150,100
39,8.98348,15,9,18,18,88,85,120,55,111,85,806,194,628,729,-1,72,272,6,2.78092,16,9,18,18,73,86,103,68,76,90,729,717,-1,-1,-1,0,234,0,17.89508,8,6,18,18,88,108,74,78,70,102,-1,-1,-1,-1,-1,0,0,0,27.617,0,17,18,18,88,70,66,126,93,70,486,-1,-1,-1,-1,0,234,0,0.55184,10,3,18,18,46,45,56,106,73,135,475,-1,-1,-1,-1,75,0,0,8.6646,2,16,18,18,86,75,105,86,73,51,806,-1,-1,-1,-1,0,0,0,0,13.8124,16,8,18,18,102,120,96,93,95,101,-1,-1,-1,-1,-1,0,0,0,6.124,2,9,18,18,88,88,120,81,78,73,814,825,759,628,-1,100,272,6,5.31056,8,12,18,18,72,136,76,55,70,53,317,194,767,-1,-1,0,0,6,1.57632,11,6,18,18,76,130,86,58,81,58,239,825,113,-1,-1,0,0,4,27.0096,3,5,18,18,87,74,86,119,90,58,381,-1,-1,-1,-1,0,0,0,26.82736,16,4,18,18,76,132,110,92,90,50,471,563,90,-1,-1,0,0,0,1,4,147,100
40,8.98348,15,9,18,18,88,85,120,55,111,85,806,194,628,729,-1,68,272,6,2.78092,16,9,18,18,73,86,103,68,76,90,729,717,-1,-1,-1,0,234,0,17.89508,8,6,18,18,88,108,74,78,70,102,-1,-1,-1,-1,-1,0,0,0,27.617,0,17,18,18,88,70,66,126,93,70,486,-1,-1,-1,-1,0,234,0,0.55184,10,3,18,18,46,45,56,106,73,135,475,-1,-1,-1,-1,75,0,0,8.6646,2,16,18,18,86,75,105,86,73,51,806,-1,-1,-1,-1,0,0,0,0,13.8124,16,8,18,18,102,120,96,93,95,101,-1,-1,-1,-1,-1,0,0,0,6.124,2,9,18,18,88,88,120,81,78,73,814,825,759,628,-1,100,272,6,5.31056,8,12,18,18,72,136,76,55,70,53,317,194,767,-1,-1,0,0,6,1.57632,11,6,18,18,76,130,86,58,81,58,239,825,113,-1,-1,0,0,4,27.0096,3,5,18,18,87,74,86,119,90,58,381,-1,-1,-1,-1,0,0,0,26.82736,16,4,18,18,76,132,110,92,90,50,471,563,90,-1,-1,0,0,0,1,4,143,100
41,8.98348,15,9,18,18,88,85,120,55,111,85,806,194,628,729,-1,63,272,6,2.78092,16,9,18,18,73,86,103,68,76,90,729,717,-1,-1,-1,0,234,0,17.89508,8,6,18,18,88,108,74,78,70,102,-1,-1,-1,-1,-1,0,0,0,27.617,0,17,18,18,88,70,66,126,93,70,486,-1,-1,-1,-1,0,234,0,0.55184,10,3,18,18,46,45,56,106,73,135,475,-1,-1,-1,-1,75,0,0,8.6646,2,16,18,18,86,75,105,86,73,51,806,-1,-1,-1,-1,0,0,0,0,13.8124,16,8,18,18,102,120,96,93,95,101,-1,-1,-1,-1,-1,0,0,0,6.124,2,9,18,18,88,88,120,81,78,73,814,825,759,628,-1,100,272,6,5.31056,8,12,18,18,72,136,76,55,70,53,317,194,767,-1,-1,0,0,6,1.57632,11,6,18,18,76,130,86,58,81,58,239,825,113,-1,-1,0,0,4,27.0096,3,5,18,18,87,74,86,119,90,58,381,-1,-1,-1,-1,0,0,0,26.82736,16,4,18,18,76,132,110,92,90,50,471,563,90,-1,-1,0,0,0,1,4,138,100
42,8.98348,15,9,18,18,88,85,120,55,111,85,806,194,628,729,-1,64,272,6,2.78092,16,9,18,18,73,86,103,68,76,90,729,717,-1,-1,-1,0,234,0,17.89508,8,6,18,18,88,108,74,78,70,102,-1,-1,-1,-1,-1,0,0,0,27.617,0,17,18,18,88,70,66,126,93,70,486,-1,-1,-1,-1,0,234,0,0.55184,10,3,18,18,46,45,56,106,73,135,475,-1,-1,-1,-1,75,0,0,8.6646,2,16,18,18,86,75,105,86,73,51,806,-1,-1,-1,-1,0,0,0,0,13.8124,16,8,18,18,102,120,96,93,95,101,-1,-1,-1,-1,-1,0,0,0,6.124,2,9,18,18,88,88,120,81,78,73,814,825,759,628,-1,100,272,6,5.31056,8,12,18,18,72,136,76,55,70,53,317,194,767,-1,-1,0,0,6,1.57632,11,6,18,18,76,130,86,58,81,58,239,825,113,-1,-1,0,0,4,27.0096,3,5,18,18,87,74,86,119,90,58,381,-1,-1,-1,-1,0,0,0,26.82736,16,4,18,18,76,132,110,92,90,50,471,563,90,-1,-1,0,0,0,1,4,139,100
43,8.98348,15,9,18,18,88,85,120,55,111,85,806,194,628,729,-1,60,272,6,2.78092,16,9,18,18,73,86,103,68,76,90,729,717,-1,-1,-1,0,234,0,17.89508,8,6,18,18,88,108,74,78,70,102,-1,-1,-1,-1,-1,0,0,0,27.617,0,17,18,18,88,70,66,126,93,70,486,-1,-1,-1,-1,0,234,0,0.55184,10,3,18,18,46,45,56,106,73,135,475,-1,-1,-1,-1,75,0,0,8.6646,2,16,18,18,86,75,105,86,73,51,806,-1,-1,-1,-1,0,0,0,0,13.8124,16,8,18,18,102,120,96,93,95,101,-1,-1,-1,-1,-1,0,0,0,6.124,2,9,18,18,88,88,120,81,78,73,814,825,759,628,-1,100,272,6,5.31056,8,12,18,18,72,136,76,55,70,53,317,194,767,-1,-1,0,0,6,1.57632,11,6,18,18,76,130,86,58,81,58,239,825,113,-1,-1,0,0,4,27.0096,3,5,18,18,87,74,86,119,90,58,381,-1,-1,-1,-1,0,0,0,26.82736,16,4,18,18,76,132,110,92,90,50,471,563,90,-1,-1,0,0,0,1,4,135,100
44,8.98348,15,9,18,18,88,85,120,55,111,85,806,194,628,729,-1,60,272,6,2.78092,16,9,18,18,73,86,103,68,76,90,729,717,-1,-1,-1,0,234,0,17.89508,8,6,18,18,88,108,74,78,70,102,-1,-1,-1,-1,-1,0,0,0,27.617,0,17,18,18,88,70,66,126,93,70,486,-1,-1,-1,-1,0,234,0,0.55184,10,3,18,18,46,45,56,106,73,135,475,-1,-1,-1,-1,75,0,0,8.6646,2,16,18,18,86,75,105,86,73,51,806,-1,-1,-1,-1,0,0,0,0,13.8124,16,8,18,18,102,120,96,93,95,101,-1,-1,-1,-1,-1,0,0,0,6.124,2,9,18,18,88,88,120,81,78,73,814,825,759,628,-1,100,272,6,5.31056,8,12,18,18,72,136,76,55,70,53,317,194,767,-1,-1,0,0,6,1.57632,11,6,18,18,76,130,86,58,81,58,239,825,113,-1,-1,0,0,4,27.0096,3,5,18,18,87,74,86,119,90,58,381,-1,-1,-1,-1,0,0,0,26.82736,16,4,18,18,76,132,110,92,90,50,471,563,90,-1,-1,0,0,0,1,4,135,100
45,8.98348,15,9,18,18,88,85,120,55,111,85,806,194,628,729,-1,55,272,6,2.78092,16,9,18,18,73,86,103,68,76,90,729,717,-1,-1,-1,0,234,0,17.89508,8,6,18,18,88,108,74,78,70,102,-1,-1,-1,-1,-1,0,0,0,27.617,0,17,18,18,88,70,66,126,93,70,486,-1,-1,-1,-1,0,234,0,0.55184,10,3,18,18,46,45,56,106,73,135,475,-1,-1,-1,-1,75,0,0,8.6646,2,16,18,18,86,75,105,86,73,51,806,-1,-1,-1,-1,0,0,0,0,13.8124,16,8,18,18,102,120,96,93,95,101,-1,-1,-1,-1,-1,0,0,0,6.124,2,9,18,18,88,88,120,81,78,73,814,825,759,628,-1,100,272,6,5.31056,8,12,18,18,72,136,76,55,70,53,317,194,767,-1,-1,0,0,6,1.57632,11,6,18,18,76,130,86,58,81,58,239,825,113,-1,-1,0,0,4,27.0096,3,5,18,18,87,74,86,119,90,58,381,-1,-1,-1,-1,0,0,0,26.82736,16,4,18,18,76,132,110,92,90,50,471,563,90,-1,-1,0,0,0,1,4,130,100
46,8.98348,15,9,18,18,88,85,120,55,111,85,806,194,628,729,-1,57,272,6,2.78092,16,9,18,18,73,86,103,68,76,90,729,717,-1,-1,-1,0,234,0,17.89508,8,6,18,18,88,108,74,78,70,102,-1,-1,-1,-1,-1,0,0,0,27.617,0,17,18,18,88,70,66,126,93,70,486,-1,-1,-1,-1,0,234,0,0.55184,10,3,18,18,46,45,56,106,73,135,475,-1,-1,-1,-1,75,0,0,8.6646,2,16,18,18,86,75,105,86,73,51,806,-1,-1,-1,-1,0,0,0,0,13.8124,16,8,18,18,102,120,96,93,95,101,-1,-1,-1,-1,-1,0,0,0,6.124,2,9,18,18,88,88,120,81,78,73,814,825,759,628,-1,100,272,6,5.31056,8,12,18,18,72,136,76,55,70,53,317,194,767,-1,-1,0,0,6,1.57632,11,6,18,18,76,130,86,58,81,58,239,825,113,-1,-1,0,0,4,27.0096,3,5,18,18,87,74,86,119,90,58,381,-1,-1,-1,-1,0,0,0,26.82736,16,4,18,18,76,132,110,92,90,50,471,563,90,-1,-1,0,0,0,1,4,132,100
47,8.98348,15,9,18,18,88,85,120,55,111,85,806,194,628,729,-1,54,272,6,2.78092,16,9,18,18,73,86,103,68,76,90,729,717,-1,-1,-1,0,234,0,17.89508,8,6,18,18,88,108,74,78,70,102,-1,-1,-1,-1,-1,0,0,0,27.617,0,17,18,18,88,70,66,126,93,70,486,-1,-1,-1,-1,0,234,0,0.55184,10,3,18,18,46,45,56,106,73,135,475,-1,-1,-1,-1,75,0,0,8.6646,2,16,18,18,86,75,105,86,73,51,806,-1,-1,-1,-1,0,0,0,0,13.8124,16,8,18,18,102,120,96,93,95,101,-1,-1,-1,-1,-1,0,0,0,6.124,2,9,18,18,88,88,120,81,78,73,814,825,759,628,-1,100,272,6,5.31056,8,12,18,18,72,136,76,55,70,53,317,194,767,-1,-1,0,0,6,1.57632,11,6,18,18,76,130,86,58,81,58,239,825,113,-1,-1,0,0,4,27.0096,3,5,18,18,87,74,86,119,90,58,381,-1,-1,-1,-1,0,0,0,26.82736,16,4,18,18,76,132,110,92,90,50,471,563,90,-1,-1,0,0,0,1,4,129,100
48,8.98348,15,9,18,18,88,85,120,55,111,85,806,194,628,729,-1,44,272,6,2.78092,16,9,18,18,73,86,103,68,76,90,729,717,-1,-1,-1,0,234,0,17.89508,8,6,18,18,88,108,74,78,70,102,-1,-1,-1,-1,-1,0,0,0,27.617,0,17,18,18,88,70,66,126,93,70,486,-1,-1,-1,-1,0,234,0,0.55184,10,3,18,18,46,45,56,106,73,135,475,-1,-1,-1,-1,75,0,0,8.6646,2,16,18,18,86,75,105,86,73,51,806,-1,-1,-1,-1,0,0,0,0,13.8124,16,8,18,18,102,120,96,93,95,101,-1,-1,-1,-1,-1,0,0,0,6.124,2,9,18,18,88,88,120,81,78,73,814,825,759,628,-1,100,272,6,5.31056,8,12,18,18,72,136,76,55,70,53,317,194,767,-1,-1,0,0,6,1.57632,11,6,18,18,76,130,86,58,81,58,239,825,113,-1,-1,0,0,4,27.0096,3,5,18,18,87,74,86,119,90,58,381,-1,-1,-1,-1,0,0,0,26.82736,16,4,18,18,76,132,110,92,90,50,471,563,90,-1,-1,0,0,0,1,4,119,100
49,8.98348,15,9,18,18,88,85,120,55,111,85,806,194,628,729,-1,46,272,6,2.78092,16,9,18,18,73,86,103,68,76,90,729,717,-1,-1,-1,0,234,0,17.89508,8,6,18,18,88,108,74,78,70,102,-1,-1,-1,-1,-1,0,0,0,27.617,0,17,18,18,88,70,66,126,93,70,486,-1,-1,-1,-1,0,234,0,0.55184,10,3,18,18,46,45,56,106,73,135,475,-1,-1,-1,-1,75,0,0,8.6646,2,16,18,18,86,75,105,86,73,51,806,-1,-1,-1,-1,0,0,0,0,13.8124,16,8,18,18,102,120,96,93,95,101,-1,-1,-1,-1,-1,0,0,0,6.124,2,9,18,18,88,88,120,81,78,73,814,825,759,628,-1,100,272,6,5.31056,8,12,18,18,72,136,76,55,70,53,317,194,767,-1,-1,0,0,6,1.57632,11,6,18,18,76,130,86,58,81,58,239,825,113,-1,-1,0,0,4,27.0096,3,5,18,18,87,74,86,119,90,58,381,-1,-1,-1,-1,0,0,0,26.82736,16,4,18,18,76,132,110,92,90,50,471,563,90,-1,-1,0,0,0,1,4,121,100
50,8.98348,15,9,18,18,88,85,120,55,111,85,806,194,628,729,-1,43,272,6,2.78092,16,9,18,18,73,86,103,68,76,90,729,717,-1,-1,-1,0,234,0,17.89508,8,6,18,18,88,108,74,78,70,102,-1,-1,-1,-1,-1,0,0,0,27.617,0,17,18,18,88,70,66,126,93,70,486,-1,-1,-1,-1,0,234,0,0.55184,10,3,18,18,46,45,56,106,73,135,475,-1,-1,-1,-1,75,0,0,8.6646,2,16,18,18,86,75,105,86,73,51,806,-1,-1,-1,-1,0,0,0,0,13.8124,16,8,18,18,102,120,96,93,95,101,-1,-1,-1,-1,-1,0,0,0,6.124,2,9,18,18,88,88,120,81,78,73,814,825,759,628,-1,100,272,6,5.31056,8,12,18,18,72,136,76,55,70,53,317,194,767,-1,-1,0,0,6,1.57632,11,6,18,18,76,130,86,58,81,58,239,825,113,-1,-1,0,0,4,27.0096,3,5,18,18,87,74,86,119,90,58,381,-1,-1,-1,-1,0,0,0,26.82736,16,4,18,18,76,132,110,92,90,50,471,563,90,-1,-1,0,0,0,1,4,118,100
51,8.98348,15,9,18,18,88,85,120,55,111,85,806,194,628,729,-1,45,272,6,2.78092,16,9,18,18,73,86,103,68,76,90,729,717,-1,-1,-1,0,234,0,17.89508,8,6,18,18,88,108,74,78,70,102,-1,-1,-1,-1,-1,0,0,0,27.617,0,17,18,18,88,70,66,126,93,70,486,-1,-1,-1,-1,0,234,0,0.55184,10,3,18,18,46,45,56,106,73,135,475,-1,-1,-1,-1,75,0,0,8.6646,2,16,18,18,86,75,105,86,73,51,806,-1,-1,-1,-1,0,0,0,0,13.8124,16,8,18,18,102,120,96,93,95,101,-1,-1,-1,-1,-1,0,0,0,6.124,2,9,18,18,88,88,120,81,78,73,814,825,759,628,-1,100,272,6,5.31056,8,12,18,18,72,136,76,55,70,53,317,194,767,-1,-1,0,0,6,1.57632,11,6,18,18,76,130,86,58,81,58,239,825,113,-1,-1,0,0,4,27.0096,3,5,18,18,87,74,86,119,90,58,381,-1,-1,-1,-1,0,0,0,26.82736,16,4,18,18,76,132,110,92,90,50,471,563,90,-1,-1,0,0,0,1,4,120,100
52,8.98348,15,9,18,18,88,85,120,55,111,85,806,194,628,729,-1,41,272,6,2.78092,16,9,18,18,73,86,103,68,76,90,729,717,-1,-1,-1,0,234,0,17.89508,8,6,18,18,88,108,74,78,70,102,-1,-1,-1,-1,-1,0,0,0,27.617,0,17,18,18,88,70,66,126,93,70,486,-1,-1,-1,-1,0,234,0,0.55184,10,3,18,18,46,45,56,106,73,135,475,-1,-1,-1,-1,75,0,0,8.6646,2,16,18,18,86,75,105,86,73,51,806,-1,-1,-1,-1,0,0,0,0,13.8124,16,8,18,18,102,120,96,93,95,101,-1,-1,-1,-1,-1,0,0,0,6.124,2,9,18,18,88,88,120,81,78,73,814,825,759,628,-1,100,272,6,5.31056,8,12,18,18,72,136,76,55,70,53,317,194,767,-1,-1,0,0,6,1.57632,11,6,18,18,76,130,86,58,81,58,239,825,113,-1,-1,0,0,4,27.0096,3,5,18,18,87,74,86,119,90,58,381,-1,-1,-1,-1,0,0,0,26.82736,16,4,18,18,76,132,110,92,90,50,471,563,90,-1,-1,0,0,0,1,4,116,100
53,8.98348,15,9,18,18,88,85,120,55,111,85,806,194,628,729,-1,39,272,6,2.78092,16,9,18,18,73,86,103,68,76,90,729,717,-1,-1,-1,0,234,0,17.89508,8,6,18,18,88,108,74,78,70,102,-1,-1,-1,-1,-1,0,0,0,27.617,0,17,18,18,88,70,66,126,93,70,486,-1,-1,-1,-1,0,234,0,0.55184,10,3,18,18,46,45,56,106,73,135,475,-1,-1,-1,-1,75,0,0,8.6646,2,16,18,18,86,75,105,86,73,51,806,-1,-1,-1,-1,0,0,0,0,13.8124,16,8,18,18,102,120,96,93,95,101,-1,-1,-1,-1,-1,0,0,0,6.124,2,9,18,18,88,88,120,81,78,73,814,825,759,628,-1,100,272,6,5.31056,8,12,18,18,72,136,76,55,70,53,317,194,767,-1,-1,0,0,6,1.57632,11,6,18,18,76,130,86,58,81,58,239,825,113,-1,-1,0,0,4,27.0096,3,5,18,18,87,74,86,119,90,58,381,-1,-1,-1,-1,0,0,0,26.82736,16,4,18,18,76,132,110,92,90,50,471,563,90,-1,-1,0,0,0,1,4,114,100
54,8.98348,15,9,18,18,88,85,120,55,111,85,806,194,628,729,-1,35,272,6,2.78092,16,9,18,18,73,86,103,68,76,90,729,717,-1,-1,-1,0,234,0,17.89508,8,6,18,18,88,108,74,78,70,102,-1,-1,-1,-1,-1,0,0,0,27.617,0,17,18,18,88,70,66,126,93,70,486,-1,-1,-1,-1,0,234,0,0.55184,10,3,18,18,46,45,56,106,73,135,475,-1,-1,-1,-1,75,0,0,8.6646,2,16,18,18,86,75,105,86,73,51,806,-1,-1,-1,-1,0,0,0,0,13.8124,16,8,18,18,102,120,96,93,95,101,-1,-1,-1,-1,-1,0,0,0,6.124,2,9,18,18,88,88,120,81,78,73,814,825,759,628,-1,100,272,6,5.31056,8,12,18,18,72,136,76,55,70,53,317,194,767,-1,-1,0,0,6,1.57632,11,6,18,18,76,130,86,58,81,58,239,825,113,-1,-1,0,0,4,27.0096,3,5,18,18,87,74,86,119,90,58,381,-1,-1,-1,-1,0,0,0,26.82736,16,4,18,18,76,132,110,92,90,50,471,563,90,-1,-1,0,0,0,1,4,110,100
55,8.98348,15,9,18,18,88,85,120,55,111,85,806,194,628,729,-1,36,272,6,2.78092,16,9,18,18,73,86,103,68,76,90,729,717,-1,-1,-1,0,234,0,17.89508,8,6,18,18,88,108,74,78,70,102,-1,-1,-1,-1,-1,0,0,0,27.617,0,17,18,18,88,70,66,126,93,70,486,-1,-1,-1,-1,0,234,0,0.55184,10,3,18,18,46,45,56,106,73,135,475,-1,-1,-1,-1,75,0,0,8.6646,2,16,18,18,86,75,105,86,73,51,806,-1,-1,-1,-1,0,0,0,0,13.8124,16,8,18,18,102,120,96,93,95,101,-1,-1,-1,-1,-1,0,0,0,6.124,2,9,18,18,88,88,120,81,78,73,814,825,759,628,-1,100,272,6,5.31056,8,12,18,18,72,136,76,55,70,53,317,194,767,-1,-1,0,0,6,1.57632,11,6,18,18,76,130,86,58,81,58,239,825,113,-1,-1,0,0,4,27.0096,3,5,18,18,87,74,86,119,90,58,381,-1,-1,-1,-1,0,0,0,26.82736,16,4,18,18,76,132,110,92,90,50,471,563,90,-1,-1,0,0,0,1,4,111,100
56,8.98348,15,9,18,18,88,85,120,55,111,85,806,194,628,729,-1,33,272,6,2.78092,16,9,18,18,73,86,103,68,76,90,729,717,-1,-1,-1,0,234,0,17.89508,8,6,18,18,88,108,74,78,70,102,-1,-1,-1,-1,-1,0,0,0,27.617,0,17,18,18,88,70,66,126,93,70,486,-1,-1,-1,-1,0,234,0,0.55184,10,3,18,18,46,45,56,106,73,135,475,-1,-1,-1,-1,75,0,0,8.6646,2,16,18,18,86,75,105,86,73,51,806,-1,-1,-1,-1,0,0,0,0,13.8124,16,8,18,18,102,120,96,93,95,101,-1,-1,-1,-1,-1,0,0,0,6.124,2,9,18,18,88,88,120,81,78,73,814,825,759,628,-1,100,272,6,5.31056,8,12,18,18,72,136,76,55,70,53,317,194,767,-1,-1,0,0,6,1.57632,11,6,18,18,76,130,86,58,81,58,239,825,113,-1,-1,0,0,4,27.0096,3,5,18,18,87,74,86,119,90,58,381,-1,-1,-1,-1,0,0,0,26.82736,16,4,18,18,76,132,110,92,90,50,471,563,90,-1,-1,0,0,0,1,4,108,100
57,8.98348,15,9,18,18,88,85,120,55,111,85,806,194,628,729,-1,80,272,6,2.78092,16,9,18,18,73,86,103,68,76,90,729,717,-1,-1,-1,0,234,0,17.89508,8,6,18,18,88,108,74,78,70,102,-1,-1,-1,-1,-1,0,0,0,27.617,0,17,18,18,88,70,66,126,93,70,486,-1,-1,-1,-1,0,234,0,0.55184,10,3,18,18,46,45,56,106,73,135,475,-1,-1,-1,-1,75,0,0,8.6646,2,16,18,18,86,75,105,86,73,51,806,-1,-1,-1,-1,0,0,0,0,13.8124,16,8,18,18,102,120,96,93,95,101,-1,-1,-1,-1,-1,0,0,0,6.124,2,9,18,18,88,88,120,81,78,73,814,825,759,628,-1,100,272,6,5.31056,8,12,18,18,72,136,76,55,70,53,317,194,767,-1,-1,0,0,6,1.57632,11,6,18,18,76,130,86,58,81,58,239,825,113,-1,-1,0,0,4,27.0096,3,5,18,18,87,74,86,119,90,58,381,-1,-1,-1,-1,0,0,0,26.82736,16,4,18,18,76,132,110,92,90,50,471,563,90,-1,-1,0,0,0,1,3,155,100
58,8.98348,15,9,18,18,88,85,120,55,111,85,806,194,628,729,-1,93,272,6,2.78092,16,9,18,18,73,86,103,68,76,90,729,717,-1,-1,-1,0,234,0,17.89508,8,6,18,18,88,108,74,78,70,102,-1,-1,-1,-1,-1,0,0,0,27.617,0,17,18,18,88,70,66,126,93,70,486,-1,-1,-1,-1,0,234,0,0.55184,10,3,18,18,46,45,56,106,73,135,475,-1,-1,-1,-1,75,0,0,8.6646,2,16,18,18,86,75,105,86,73,51,806,-1,-1,-1,-1,0,0,0,0,13.8124,16,8,18,18,102,120,96,93,95,101,-1,-1,-1,-1,-1,0,0,0,6.124,2,9,18,18,88,88,120,81,78,73,814,825,759,628,-1,100,272,6,5.31056,8,12,18,18,72,136,76,55,70,53,317,194,767,-1,-1,0,0,6,1.57632,11,6,18,18,76,130,86,58,81,58,239,825,113,-1,-1,0,0,4,27.0096,3,5,18,18,87,74,86,119,90,58,381,-1,-1,-1,-1,0,0,0,26.82736,16,4,18,18,76,132,110,92,90,50,471,563,90,-1,-1,0,0,0,1,4,168,100
59,8.98348,15,9,18,18,88,85,120,55,111,85,806,194,628,729,-1,100,272,6,2.78092,16,9,18,18,73,86,103,68,76,90,729,717,-1,-1,-1,0,234,0,17.89508,8,6,18,18,88,108,74,78,70,102,-1,-1,-1,-1,-1,0,0,0,27.617,0,17,18,18,88,70,66,126,93,70,486,-1,-1,-1,-1,0,234,0,0.55184,10,3,18,18,46,45,56,106,73,135,475,-1,-1,-1,-1,75,0,0,8.6646,2,16,18,18,86,75,105,86,73,51,806,-1,-1,-1,-1,0,0,0,0,13.8124,16,8,18,18,102,120,96,93,95,101,-1,-1,-1,-1,-1,0,0,0,6.124,2,9,18,18,88,88,120,81,78,73,814,825,759,628,-1,100,272,6,5.31056,8,12,18,18,72,136,76,55,70,53,317,194,767,-1,-1,0,0,6,1.57632,11,6,18,18,76,130,86,58,81,58,239,825,113,-1,-1,0,0,4,27.0096,3,5,18,18,87,74,86,119,90,58,381,-1,-1,-1,-1,0,0,0,26.82736,16,4,18,18,76,132,110,92,90,50,471,563,90,-1,-1,0,0,0,1,2,175,100
60,8.98348,15,9,18,18,88,85,120,55,111,85,806,194,628,729,-1,100,272,6,2.78092,16,9,18,18,73,86,103,68,76,90,729,717,-1,-1,-1,0,234,0,17.89508,8,6,18,18,88,108,74,78,70,102,-1,-1,-1,-1,-1,0,0,0,27.617,0,17,18,18,88,70,66,126,93,70,486,-1,-1,-1,-1,0,234,0,0.55184,10,3,18,18,46,45,56,106,73,135,475,-1,-1,-1,-1,75,0,0,8.6646,2,16,18,18,86,75,105,86,73,51,806,-1,-1,-1,-1,0,0,0,0,13.8124,16,8,18,18,102,120,96,93,95,101,-1,-1,-1,-1,-1,0,0,0,6.124,2,9,18,18,88,88,120,81,78,73,814,825,759,628,-1,100,272,6,5.31056,8,12,18,18,72,136,76,55,70,53,317,194,767,-1,-1,0,0,6,1.57632,11,6,18,18,76,130,86,58,81,58,239,825,113,-1,-1,0,0,4,27.0096,3,5,18,18,87,74,86,119,90,58,381,-1,-1,-1,-1,0,0,0,26.82736,16,4,18,18,76,132,110,92,90,50,471,563,90,-1,-1,0,0,0,1,1,175,100
61,8.98348,15,9,18,18,88,85,120,55,111,85,806,194,628,729,-1,100,272,6,2.78092,16,9,18,18,73,86,103,68,76,90,729,717,-1,-1,-1,0,234,0,17.89508,8,6,18,18,88,108,74,78,70,102,-1,-1,-1,-1,-1,0,0,0,27.617,0,17,18,18,88,70,66,126,93,70,486,-1,-1,-1,-1,0,234,0,0.55184,10,3,18,18,46,45,56,106,73,135,475,-1,-1,-1,-1,75,0,0,8.6646,2,16,18,18,86,75,105,86,73,51,806,-1,-1,-1,-1,0,0,0,0,13.8124,16,8,18,18,102,120,96,93,95,101,-1,-1,-1,-1,-1,0,0,0,6.124,2,9,18,18,88,88,120,81,78,73,814,825,759,628,-1,100,272,6,5.31056,8,12,18,18,72,136,76,55,70,53,317,194,767,-1,-1,0,0,6,1.57632,11,6,18,18,76,130,86,58,81,58,239,825,113,-1,-1,0,0,4,27.0096,3,5,18,18,87,74,86,119,90,58,381,-1,-1,-1,-1,0,0,0,26.82736,16,4,18,18,76,132,110,92,90,50,471,563,90,-1,-1,0,0,0,1,1,175,100
62,8.98348,15,9,18,18,88,85,120,55,111,85,806,194,628,729,-1,100,272,6,2.78092,16,9,18,18,73,86,103,68,76,90,729,717,-1,-1,-1,0,234,0,17.89508,8,6,18,18,88,108,74,78,70,102,-1,-1,-1,-1,-1,0,0,0,27.617,0,17,18,18,88,70,66,126,93,70,486,-1,-1,-1,-1,0,234,0,0.55184,10,3,18,18,46,45,56,106,73,135,475,-1,-1,-1,-1,75,0,0,8.6646,2,16,18,18,86,75,105,86,73,51,806,-1,-1,-1,-1,0,0,0,0,13.8124,16,8,18,18,102,120,96,93,95,101,-1,-1,-1,-1,-1,0,0,0,6.124,2,9,18,18,88,88,120,81,78,73,814,825,759,628,-1,100,272,6,5.31056,8,12,18,18,72,136,76,55,70,53,317,194,767,-1,-1,0,0,6,1.57632,11,6,18,18,76,130,86,58,81,58,239,825,113,-1,-1,0,0,4,27.0096,3,5,18,18,87,74,86,119,90,58,381,-1,-1,-1,-1,0,0,0,26.82736,16,4,18,18,76,132,110,92,90,50,471,563,90,-1,-1,0,0,0,1,1,175,100
63,8.98348,15,9,18,18,88,85,120,55,111,85,806,194,628,729,-1,100,272,6,2.78092,16,9,18,18,73,86,103,68,76,90,729,717,-1,-1,-1,0,234,0,17.89508,8,6,18,18,88,108,74,78,70,102,-1,-1,-1,-1,-1,0,0,0,27.617,0,17,18,18,88,70,66,126,93,70,486,-1,-1,-1,-1,0,234,0,0.55184,10,3,18,18,46,45,56,106,73,135,475,-1,-1,-1,-1,75,0,0,8.6646,2,16,18,18,86,75,105,86,73,51,806,-1,-1,-1,-1,0,0,0,0,13.8124,16,8,18,18,102,120,96,93,95,101,-1,-1,-1,-1,-1,0,0,0,6.124,2,9,18,18,88,88,120,81,78,73,814,825,759,628,-1,100,272,6,5.31056,8,12,18,18,72,136,76,55,70,53,317,194,767,-1,-1,0,0,6,1.57632,11,6,18,18,76,130,86,58,81,58,239,825,113,-1,-1,0,0,4,27.0096,3,5,18,18,87,74,86,119,90,58,381,-1,-1,-1,-1,0,0,0,26.82736,16,4,18,18,76,132,110,92,90,50,471,563,90,-1,-1,0,0,0,1,1,175,100
64,8.98348,15,9,18,18,88,85,120,55,111,85,806,194,628,729,-1,100,272,6,2.78092,16,9,18,18,73,86,103,68,76,90,729,717,-1,-1,-1,0,234,0,17.89508,8,6,18,18,88,108,74,78,70,102,-1,-1,-1,-1,-1,0,0,0,27.617,0,17,18,18,88,70,66,126,93,70,486,-1,-1,-1,-1,0,234,0,0.55184,10,3,18,18,46,45,56,106,73,135,475,-1,-1,-1,-1,75,0,0,8.6646,2,16,18,18,86,75,105,86,73,51,806,-1,-1,-1,-1,0,0,0,0,13.8124,16,8,18,18,102,120,96,93,95,101,-1,-1,-1,-1,-1,0,0,0,6.124,2,9,18,18,88,88,120,81,78,73,814,825,759,628,-1,100,272,6,5.31056,8,12,18,18,72,136,76,55,70,53,317,194,767,-1,-1,0,0,6,1.57632,11,6,18,18,76,130,86,58,81,58,239,825,113,-1,-1,0,0,4,27.0096,3,5,18,18,87,74,86,119,90,58,381,-1,-1,-1,-1,0,0,0,26.82736,16,4,18,18,76,132,110,92,90,50,471,563,90,-1,-1,0,0,0,1,1,175,100
65,8.98348,15,9,18,18,88,85,120,55,111,85,806,194,628,729,-1,100,272,6,2.78092,16,9,18,18,73,86,103,68,76,90,729,717,-1,-1,-1,0,234,0,17.89508,8,6,18,18,88,108,74,78,70,102,-1,-1,-1,-1,-1,0,0,0,27.617,0,17,18,18,88,70,66,126,93,70,486,-1,-1,-1,-1,0,234,0,0.55184,10,3,18,18,46,45,56,106,73,135,475,-1,-1,-1,-1,75,0,0,8.6646,2,16,18,18,86,75,105,86,73,51,806,-1,-1,-1,-1,0,0,0,0,13.8124,16,8,18,18,102,120,96,93,95,101,-1,-1,-1,-1,-1,0,0,0,6.124,2,9,18,18,88,88,120,81,78,73,814,825,759,628,-1,100,272,6,5.31056,8,12,18,18,72,136,76,55,70,53,317,194,767,-1,-1,0,0,6,1.57632,11,6,18,18,76,130,86,58,81,58,239,825,113,-1,-1,0,0,4,27.0096,3,5,18,18,87,74,86,119,90,58,381,-1,-1,-1,-1,0,0,0,26.82736,16,4,18,18,76,132,110,92,90,50,471,563,90,-1,-1,0,0,0,1,1,175,100
66,8.98348,15,9,18,18,88,85,120,55,111,85,806,194,628,729,-1,100,272,6,2.78092,16,9,18,18,73,86,103,68,76,90,729,717,-1,-1,-1,0,234,0,17.89508,8,6,18,18,88,108,74,78,70,102,-1,-1,-1,-1,-1,0,0,0,27.617,0,17,18,18,88,70,66,126,93,70,486,-1,-1,-1,-1,0,234,0,0.55184,10,3,18,18,46,45,56,106,73,135,475,-1,-1,-1,-1,75,0,0,8.6646,2,16,18,18,86,75,105,86,73,51,806,-1,-1,-1,-1,0,0,0,0,13.8124,16,8,18,18,102,120,96,93,95,101,-1,-1,-1,-1,-1,0,0,0,6.124,2,9,18,18,88,88,120,81,78,73,814,825,759,628,-1,100,272,6,5.31056,8,12,18,18,72,136,76,55,70,53,317,194,767,-1,-1,0,0,6,1.57632,11,6,18,18,76,130,86,58,81,58,239,825,113,-1,-1,0,0,4,27.0096,3,5,18,18,87,74,86,119,90,58,381,-1,-1,-1,-1,0,0,0,26.82736,16,4,18,18,76,132,110,92,90,50,471,563,90,-1,-1,0,0,0,1,1,175,100
67,8.98348,15,9,18,18,88,85,120,55,111,85,806,194,628,729,-1,100,272,6,2.78092,16,9,18,18,73,86,103,68,76,90,729,717,-1,-1,-1,0,234,0,17.89508,8,6,18,18,88,108,74,78,70,102,-1,-1,-1,-1,-1,0,0,0,27.617,0,17,18,18,88,70,66,126,93,70,486,-1,-1,-1,-1,0,234,0,0.55184,10,3,18,18,46,45,56,106,73,135,475,-1,-1,-1,-1,75,0,0,8.6646,2,16,18,18,86,75,105,86,73,51,806,-1,-1,-1,-1,0,0,0,0,13.8124,16,8,18,18,102,120,96,93,95,101,-1,-1,-1,-1,-1,0,0,0,6.124,2,9,18,18,88,88,120,81,78,73,814,825,759,628,-1,100,272,6,5.31056,8,12,18,18,72,136,76,55,70,53,317,194,767,-1,-1,0,0,6,1.57632,11,6,18,18,76,130,86,58,81,58,239,825,113,-1,-1,0,0,4,27.0096,3,5,18,18,87,74,86,119,90,58,381,-1,-1,-1,-1,0,0,0,26.82736,16,4,18,18,76,132,110,92,90,50,471,563,90,-1,-1,0,0,0,1,1,175,100
68,8.98348,15,9,18,18,88,85,120,55,111,85,806,194,628,729,-1,100,272,6,2.78092,16,9,18,18,73,86,103,68,76,90,729,717,-1,-1,-1,0,234,0,17.89508,8,6,18,18,88,108,74,78,70,102,-1,-1,-1,-1,-1,0,0,0,27.617,0,17,18,18,88,70,66,126,93,70,486,-1,-1,-1,-1,0,234,0,0.55184,10,3,18,18,46,45,56,106,73,135,475,-1,-1,-1,-1,75,0,0,8.6646,2,16,18,18,86,75,105,86,73,51,806,-1,-1,-1,-1,0,0,0,0,13.8124,16,8,18,18,102,120,96,93,95,101,-1,-1,-1,-1,-1,0,0,0,6.124,2,9,18,18,88,88,120,81,78,73,814,825,759,628,-1,100,272,6,5.31056,8,12,18,18,72,136,76,55,70,53,317,194,767,-1,-1,0,0,6,1.57632,11,6,18,18,76,130,86,58,81,58,239,825,113,-1,-1,0,0,4,27.0096,3,5,18,18,87,74,86,119,90,58,381,-1,-1,-1,-1,0,0,0,26.82736,16,4,18,18,76,132,110,92,90,50,471,563,90,-1,-1,0,0,0,1,1,175,100
69,8.98348,15,9,18,18,88,85,120,55,111,85,806,194,628,729,-1,100,272,6,2.78092,16,9,18,18,73,86,103,68,76,90,729,717,-1,-1,-1,0,234,0,17.89508,8,6,18,18,88,108,74,78,70,102,-1,-1,-1,-1,-1,0,0,0,27.617,0,17,18,18,88,70,66,126,93,70,486,-1,-1,-1,-1,0,234,0,0.55184,10,3,18,18,46,45,56,106,73,135,475,-1,-1,-1,-1,75,0,0,8.6646,2,16,18,18,86,75,105,86,73,51,806,-1,-1,-1,-1,0,0,0,0,13.8124,16,8,18,18,102,120,96,93,95,101,-1,-1,-1,-1,-1,0,0,0,6.124,2,9,18,18,88,88,120,81,78,73,814,825,759,628,-1,100,272,6,5.31056,8,12,18,18,72,136,76,55,70,53,317,194,767,-1,-1,0,0,6,1.57632,11,6,18,18,76,130,86,58,81,58,239,825,113,-1,-1,0,0,4,27.0096,3,5,18,18,87,74,86,119,90,58,381,-1,-1,-1,-1,0,0,0,26.82736,16,4,18,18,76,132,110,92,90,50,471,563,90,-1,-1,0,0,0,1,1,175,100
70,8.98348,15,9,18,18,88,85,120,55,111,85,806,194,628,729,-1,97,272,6,2.78092,16,9,18,18,73,86,103,68,76,90,729,717,-1,-1,-1,0,234,0,17.89508,8,6,18,18,88,108,74,78,70,102,-1,-1,-1,-1,-1,0,0,0,27.617,0,17,18,18,88,70,66,126,93,70,486,-1,-1,-1,-1,0,234,0,0.55184,10,3,18,18,46,45,56,106,73,135,475,-1,-1,-1,-1,75,0,0,8.6646,2,16,18,18,86,75,105,86,73,51,806,-1,-1,-1,-1,0,0,0,0,13.8124,16,8,18,18,102,120,96,93,95,101,-1,-1,-1,-1,-1,0,0,0,6.124,2,9,18,18,88,88,120,81,78,73,814,825,759,628,-1,100,272,6,5.31056,8,12,18,18,72,136,76,55,70,53,317,194,767,-1,-1,0,0,6,1.57632,11,6,18,18,76,130,86,58,81,58,239,825,113,-1,-1,0,0,4,27.0096,3,5,18,18,87,74,86,119,90,58,381,-1,-1,-1,-1,0,0,0,26.82736,16,4,18,18,76,132,110,92,90,50,471,563,90,-1,-1,0,0,0,1,1,172,100
71,8.98348,15,9,18,18,88,85,120,55,111,85,806,194,628,729,-1,94,272,6,2.78092,16,9,18,18,73,86,103,68,76,90,729,717,-1,-1,-1,0,234,0,17.89508,8,6,18,18,88,108,74,78,70,102,-1,-1,-1,-1,-1,0,0,0,27.617,0,17,18,18,88,70,66,126,93,70,486,-1,-1,-1,-1,0,234,0,0.55184,10,3,18,18,46,45,56,106,73,135,475,-1,-1,-1,-1,75,0,0,8.6646,2,16,18,18,86,75,105,86,73,51,806,-1,-1,-1,-1,0,0,0,0,13.8124,16,8,18,18,102,120,96,93,95,101,-1,-1,-1,-1,-1,0,0,0,6.124,2,9,18,18,88,88,120,81,78,73,814,825,759,628,-1,100,272,6,5.31056,8,12,18,18,72,136,76,55,70,53,317,194,767,-1,-1,0,0,6,1.57632,11,6,18,18,76,130,86,58,81,58,239,825,113,-1,-1,0,0,4,27.0096,3,5,18,18,87,74,86,119,90,58,381,-1,-1,-1,-1,0,0,0,26.82736,16,4,18,18,76,132,110,92,90,50,471,563,90,-1,-1,0,0,0,1,1,169,100
72,8.98348,15,9,18,18,88,85,120,55,111,85,806,194,628,729,-1,95,272,6,2.78092,16,9,18,18,73,86,103,68,76,90,729,717,-1,-1,-1,0,234,0,17.89508,8,6,18,18,88,108,74,78,70,102,-1,-1,-1,-1,-1,0,0,0,27.617,0,17,18,18,88,70,66,126,93,70,486,-1,-1,-1,-1,0,234,0,0.55184,10,3,18,18,46,45,56,106,73,135,475,-1,-1,-1,-1,75,0,0,8.6646,2,16,18,18,86,75,105,86,73,51,806,-1,-1,-1,-1,0,0,0,0,13.8124,16,8,18,18,102,120,96,93,95,101,-1,-1,-1,-1,-1,0,0,0,6.124,2,9,18,18,88,88,120,81,78,73,814,825,759,628,-1,100,272,6,5.31056,8,12,18,18,72,136,76,55,70,53,317,194,767,-1,-1,0,0,6,1.57632,11,6,18,18,76,130,86,58,81,58,239,825,113,-1,-1,0,0,4,27.0096,3,5,18,18,87,74,86,119,90,58,381,-1,-1,-1,-1,0,0,0,26.82736,16,4,18,18,76,132,110,92,90,50,471,563,90,-1,-1,0,0,0,1,1,170,100
73,8.98348,15,9,18,18,88,85,120,55,111,85,806,194,628,729,-1,96,272,6,2.78092,16,9,18,18,73,86,103,68,76,90,729,717,-1,-1,-1,0,234,0,17.89508,8,6,18,18,88,108,74,78,70,102,-1,-1,-1,-1,-1,0,0,0,27.617,0,17,18,18,88,70,66,126,93,70,486,-1,-1,-1,-1,0,234,0,0.55184,10,3,18,18,46,45,56,106,73,135,475,-1,-1,-1,-1,75,0,0,8.6646,2,16,18,18,86,75,105,86,73,51,806,-1,-1,-1,-1,0,0,0,0,13.8124,16,8,18,18,102,120,96,93,95,101,-1,-1,-1,-1,-1,0,0,0,6.124,2,9,18,18,88,88,120,81,78,73,814,825,759,628,-1,100,272,6,5.31056,8,12,18,18,72,136,76,55,70,53,317,194,767,-1,-1,0,0,6,1.57632,11,6,18,18,76,130,86,58,81,58,239,825,113,-1,-1,0,0,4,27.0096,3,5,18,18,87,74,86,119,90,58,381,-1,-1,-1,-1,0,0,0,26.82736,16,4,18,18,76,132,110,92,90,50,471,563,90,-1,-1,0,0,0,1,1,171,100
74,8.98348,15,9,18,18,88,85,120,55,111,85,806,194,628,729,-1,96,272,6,2.78092,16,9,18,18,73,86,103,68,76,90,729,717,-1,-1,-1,0,234,0,17.89508,8,6,18,18,88,108,74,78,70,102,-1,-1,-1,-1,-1,0,0,0,27.617,0,17,18,18,88,70,66,126,93,70,486,-1,-1,-1,-1,0,234,0,0.55184,10,3,18,18,46,45,56,106,73,135,475,-1,-1,-1,-1,75,0,0,8.6646,2,16,18,18,86,75,105,86,73,51,806,-1,-1,-1,-1,0,0,0,0,13.8124,16,8,18,18,102,120,96,93,95,101,-1,-1,-1,-1,-1,0,0,0,6.124,2,9,18,18,88,88,120,81,78,73,814,825,759,628,-1,100,272,6,5.31056,8,12,18,18,72,136,76,55,70,53,317,194,767,-1,-1,0,0,6,1.57632,11,6,18,18,76,130,86,58,81,58,239,825,113,-1,-1,0,0,4,27.0096,3,5,18,18,87,74,86,119,90,58,381,-1,-1,-1,-1,0,0,0,26.82736,16,4,18,18,76,132,110,92,90,50,471,563,90,-1,-1,0,0,0,1,1,171,100
75,8.98348,15,9,18,18,88,85,120,55,111,85,806,194,628,729,-1,100,272,6,2.78092,16,9,18,18,73,86,103,68,76,90,729,717,-1,-1,-1,0,234,0,17.89508,8,6,18,18,88,108,74,78,70,102,-1,-1,-1,-1,-1,0,0,0,27.617,0,17,18,18,88,70,66,126,93,70,486,-1,-1,-1,-1,0,234,0,0.55184,10,3,18,18,46,45,56,106,73,135,475,-1,-1,-1,-1,75,0,0,8.6646,2,16,18,18,86,75,105,86,73,51,806,-1,-1,-1,-1,0,0,0,0,13.8124,16,8,18,18,102,120,96,93,95,101,-1,-1,-1,-1,-1,0,0,0,6.124,2,9,18,18,88,88,120,81,78,73,814,825,759,628,-1,100,272,6,5.31056,8,12,18,18,72,136,76,55,70,53,317,194,767,-1,-1,0,0,6,1.57632,11,6,18,18,76,130,86,58,81,58,239,825,113,-1,-1,0,0,4,27.0096,3,5,18,18,87,74,86,119,90,58,381,-1,-1,-1,-1,0,0,0,26.82736,16,4,18,18,76,132,110,92,90,50,471,563,90,-1,-1,0,0,0,1,2,175,100
76,8.98348,15,9,18,18,88,85,120,55,111,85,806,194,628,729,-1,100,272,6,2.78092,16,9,18,18,73,86,103,68,76,90,729,717,-1,-1,-1,0,234,0,17.89508,8,6,18,18,88,108,74,78,70,102,-1,-1,-1,-1,-1,0,0,0,27.617,0,17,18,18,88,70,66,126,93,70,486,-1,-1,-1,-1,0,234,0,0.55184,10,3,18,18,46,45,56,106,73,135,475,-1,-1,-1,-1,75,0,0,8.6646,2,16,18,18,86,75,105,86,73,51,806,-1,-1,-1,-1,0,0,0,0,13.8124,16,8,18,18,102,120,96,93,95,101,-1,-1,-1,-1,-1,0,0,0,6.124,2,9,18,18,88,88,120,81,78,73,814,825,759,628,-1,100,272,6,5.31056,8,12,18,18,72,136,76,55,70,53,317,194,767,-1,-1,0,0,6,1.57632,11,6,18,18,76,130,86,58,81,58,239,825,113,-1,-1,0,0,4,27.0096,3,5,18,18,87,74,86,119,90,58,381,-1,-1,-1,-1,0,0,0,26.82736,16,4,18,18,76,132,110,92,90,50,471,563,90,-1,-1,0,0,0,1,2,175,100
77,8.98348,15,9,18,18,88,85,120,55,111,85,806,194,628,729,-1,100,272,6,2.78092,16,9,18,18,73,86,103,68,76,90,729,717,-1,-1,-1,0,234,0,17.89508,8,6,18,18,88,108,74,78,70,102,-1,-1,-1,-1,-1,0,0,0,27.617,0,17,18,18,88,70,66,126,93,70,486,-1,-1,-1,-1,0,234,0,0.55184,10,3,18,18,46,45,56,106,73,135,475,-1,-1,-1,-1,75,0,0,8.6646,2,16,18,18,86,75,105,86,73,51,806,-1,-1,-1,-1,0,0,0,0,13.8124,16,8,18,18,102,120,96,93,95,101,-1,-1,-1,-1,-1,0,0,0,6.124,2,9,18,18,88,88,120,81,78,73,814,825,759,628,-1,100,272,6,5.31056,8,12,18,18,72,136,76,55,70,53,317,194,767,-1,-1,0,0,6,1.57632,11,6,18,18,76,130,86,58,81,58,239,825,113,-1,-1,0,0,4,27.0096,3,5,18,18,87,74,86,119,90,58,381,-1,-1,-1,-1,0,0,0,26.82736,16,4,18,18,76,132,110,92,90,50,471,563,90,-1,-1,0,0,0,1,2,175,100
78,8.98348,15,9,18,18,88,85,120,55,111,85,806,194,628,729,-1,100,272,6,2.78092,16,9,18,18,73,86,103,68,76,90,729,717,-1,-1,-1,0,234,0,17.89508,8,6,18,18,88,108,74,78,70,102,-1,-1,-1,-1,-1,0,0,0,27.617,0,17,18,18,88,70,66,126,93,70,486,-1,-1,-1,-1,0,234,0,0.55184,10,3,18,18,46,45,56,106,73,135,475,-1,-1,-1,-1,75,0,0,8.6646,2,16,18,18,86,75,105,86,73,51,806,-1,-1,-1,-1,0,0,0,0,13.8124,16,8,18,18,102,120,96,93,95,101,-1,-1,-1,-1,-1,0,0,0,6.124,2,9,18,18,88,88,120,81,78,73,814,825,759,628,-1,100,272,6,5.31056,8,12,18,18,72,136,76,55,70,53,317,194,767,-1,-1,0,0,6,1.57632,11,6,18,18,76,130,86,58,81,58,239,825,113,-1,-1,0,0,4,27.0096,3,5,18,18,87,74,86,119,90,58,381,-1,-1,-1,-1,0,0,0,26.82736,16,4,18,18,76,132,110,92,90,50,471,563,90,-1,-1,0,0,0,1,2,175,100
79,8.98348,15,9,18,18,88,85,120,55,111,85,806,194,628,729,-1,100,272,6,2.78092,16,9,18,18,73,86,103,68,76,90,729,717,-1,-1,-1,0,234,0,17.89508,8,6,18,18,88,108,74,78,70,102,-1,-1,-1,-1,-1,0,0,0,27.617,0,17,18,18,88,70,66,126,93,70,486,-1,-1,-1,-1,0,234,0,0.55184,10,3,18,18,46,45,56,106,73,135,475,-1,-1,-1,-1,75,0,0,8.6646,2,16,18,18,86,75,105,86,73,51,806,-1,-1,-1,-1,0,0,0,4,13.8124,16,8,18,18,102,120,96,93,95,101,-1,-1,-1,-1,-1,0,0,0,6.124,2,9,18,18,88,88,120,81,78,73,814,825,759,628,-1,100,272,6,5.31056,8,12,18,18,72,136,76,55,70,53,317,194,767,-1,-1,0,0,6,1.57632,11,6,18,18,76,130,86,58,81,58,239,825,113,-1,-1,0,0,4,27.0096,3,5,18,18,87,74,86,119,90,58,381,-1,-1,-1,-1,0,0,0,26.82736,16,4,18,18,76,132,110,92,90,50,471,563,90,-1,-1,0,0,0,1,9,175,100
80,8.98348,15,9,18,18,88,85,120,55,111,85,806,194,628,729,-1,100,272,6,2.78092,16,9,18,18,73,86,103,68,76,90,729,717,-1,-1,-1,0,234,0,17.89508,8,6,18,18,88,108,74,78,70,102,-1,-1,-1,-1,-1,0,0,0,27.617,0,17,18,18,88,70,66,126,93,70,486,-1,-1,-1,-1,0,234,0,0.55184,10,3,18,18,46,45,56,106,73,135,475,794,-1,-1,-1,75,0,0,8.6646,2,16,18,18,86,75,105,86,73,51,806,-1,-1,-1,-1,0,0,0,4,13.8124,16,8,18,18,102,120,96,93,95,101,-1,-1,-1,-1,-1,0,0,0,6.124,2,9,18,18,88,88,120,81,78,73,814,825,759,628,-1,0,272,6,5.31056,8,12,18,18,72,136,76,55,70,53,317,194,767,-1,-1,0,0,6,1.57632,11,6,18,18,76,130,86,58,81,58,239,825,113,-1,-1,0,0,4,27.0096,3,5,18,18,87,74,86,119,90,58,381,-1,-1,-1,-1,0,0,0,26.82736,16,4,18,18,76,132,110,92,90,50,471,563,90,-1,-1,0,0,0,1,1,175,0
